-0.045 0.023
-0.045 0.091
-0.114 0.159
-0.182 0.227
-0.25 0.295
-0.318 0.364
-0.318 0.432
-0.318 0.5
-0.386 0.568
-0.455 0.636
-0.523 0.705
-0.591 0.773
-0.591 0.841
-0.659 0.909
-0.727 0.977
-0.795 1.045
-0.795 1.114
-0.864 1.182
-0.932 1.25
-1.0 1.318
-1.0 1.386
-1.068 1.455
-1.136 1.523
-1.205 1.591
-1.273 1.659
-1.341 1.727
-1.409 1.795
-1.477 1.864
-1.545 1.932
-1.614 2.0
-1.682 2.068
-1.75 2.136
-1.818 2.205
-1.886 2.273
-1.955 2.341
-2.023 2.409
-2.091 2.477
-2.159 2.545
-2.227 2.614
-2.295 2.682
-2.364 2.75
-2.432 2.818
-2.5 2.886
-2.568 2.955
-2.636 3.023
-2.705 3.091
-2.773 3.159
-2.841 3.227
-2.909 3.295
-2.977 3.364
-3.045 3.432
-3.114 3.5
-3.182 3.568
-3.25 3.636
-3.318 3.705
-3.386 3.773
-3.455 3.841
-3.523 3.909
-3.591 3.977
-3.659 4.045
-3.727 4.114
-3.795 4.182
-3.864 4.25
-3.932 4.318
-4.0 4.386
-4.068 4.455
-4.136 4.523
-4.205 4.591
-4.273 4.659
-4.341 4.727
-4.409 4.795
-4.477 4.864
-4.545 4.932
-4.614 5.0
-4.682 5.068
-4.75 5.136
-4.818 5.205
-4.886 5.273
-4.955 5.341
-5.023 5.409
-5.091 5.477
-5.159 5.545
-5.227 5.614
-5.295 5.682
-5.295 5.75
-5.295 5.818
-5.295 5.886
-5.295 5.955
-5.295 6.023
-5.295 6.091
-5.295 6.159
-5.295 6.227
-5.295 6.295
-5.227 6.364
-5.159 6.432
-5.091 6.5
-5.023 6.568
-4.955 6.568
-4.886 6.568
-4.818 6.568
-4.75 6.568
-4.682 6.568
-4.614 6.568
-4.545 6.568
-4.477 6.568
-4.409 6.568
-4.341 6.568
-4.273 6.568
-4.205 6.568
-4.136 6.568
-4.068 6.568
-4.0 6.568
-3.932 6.568
-3.864 6.568
-3.795 6.568
-3.727 6.568
-3.659 6.568
-3.591 6.568
-3.523 6.568
-3.455 6.568
-3.386 6.568
-3.318 6.568
-3.25 6.568
-3.182 6.568
-3.114 6.568
-3.045 6.568
-2.977 6.568
-2.909 6.568
-2.841 6.636
-2.773 6.705
-2.705 6.705
-2.636 6.705
-2.568 6.705
-2.5 6.705
-2.432 6.773
-2.364 6.841
-2.295 6.841
-2.227 6.841
-2.159 6.841
-2.091 6.841
-2.023 6.909
-1.955 6.977
