5.955 -2.023
5.886 -2.091
5.818 -2.159
5.75 -2.227
5.682 -2.295
5.614 -2.364
5.545 -2.432
5.477 -2.5
5.409 -2.568
5.341 -2.636
5.273 -2.705
5.205 -2.773
5.136 -2.841
5.068 -2.909
5.0 -2.909
4.932 -2.977
4.864 -3.045
4.795 -3.114
4.727 -3.182
4.659 -3.182
4.591 -3.25
4.523 -3.318
4.455 -3.386
4.386 -3.455
4.318 -3.523
4.25 -3.591
4.182 -3.659
4.114 -3.727
4.045 -3.795
3.977 -3.864
3.909 -3.932
3.841 -4.0
3.773 -4.068
3.705 -4.136
3.636 -4.205
3.568 -4.273
3.5 -4.341
3.432 -4.409
3.364 -4.477
3.295 -4.545
3.227 -4.614
3.159 -4.682
3.091 -4.75
3.023 -4.818
2.955 -4.886
2.886 -4.955
2.818 -5.023
2.75 -5.091
2.682 -5.159
2.614 -5.227
2.545 -5.295
2.477 -5.364
2.409 -5.364
2.341 -5.364
2.273 -5.364
2.205 -5.364
2.136 -5.432
2.068 -5.5
2.0 -5.568
1.932 -5.636
1.864 -5.636
1.795 -5.636
1.727 -5.636
1.659 -5.705
1.591 -5.773
1.523 -5.773
1.455 -5.773
1.386 -5.773
1.318 -5.773
1.25 -5.773
1.182 -5.773
1.114 -5.773
1.045 -5.773
0.977 -5.773
0.909 -5.773
0.841 -5.773
0.773 -5.773
0.705 -5.773
0.636 -5.773
0.568 -5.773
0.5 -5.773
0.432 -5.773
0.364 -5.773
0.295 -5.773
0.227 -5.841
0.159 -5.909
0.091 -5.909
0.023 -5.977
