-7.964 5.941
-7.877 5.855
-7.791 5.768
-7.705 5.768
-7.618 5.682
-7.532 5.595
-7.445 5.595
-7.359 5.595
-7.273 5.509
-7.186 5.509
-7.1 5.423
-7.014 5.423
-6.927 5.423
-6.841 5.336
-6.755 5.336
-6.668 5.336
-6.582 5.336
-6.495 5.336
-6.409 5.336
-6.323 5.336
-6.236 5.336
-6.15 5.336
-6.064 5.336
-5.977 5.336
-5.891 5.336
-5.805 5.336
-5.718 5.336
-5.632 5.25
-5.545 5.25
-5.459 5.164
-5.373 5.164
-5.286 5.077
-5.2 4.991
-5.114 4.991
-5.027 4.991
-4.941 4.905
-4.855 4.905
-4.768 4.905
-4.682 4.818
-4.595 4.818
-4.509 4.732
-4.423 4.645
-4.336 4.559
-4.25 4.559
-4.164 4.473
-4.077 4.473
-3.991 4.386
-3.905 4.3
-3.818 4.3
-3.732 4.214
-3.645 4.127
-3.559 4.041
-3.473 3.955
-3.386 3.955
-3.3 3.868
-3.214 3.868
-3.127 3.782
-3.041 3.695
-2.955 3.695
-2.868 3.695
-2.782 3.695
-2.695 3.695
-2.609 3.695
-2.523 3.695
-2.436 3.695
-2.35 3.695
-2.264 3.695
-2.177 3.695
-2.091 3.695
-2.005 3.695
-1.918 3.695
-1.832 3.695
-1.745 3.695
-1.659 3.695
-1.573 3.695
-1.486 3.695
-1.4 3.695
-1.314 3.695
-1.227 3.695
-1.141 3.695
-1.055 3.695
-0.968 3.695
-0.882 3.695
-0.795 3.695
-0.709 3.695
-0.623 3.695
-0.536 3.695
-0.45 3.695
-0.364 3.695
-0.277 3.695
-0.191 3.695
-0.105 3.695
-0.018 3.695
0.068 3.695
0.155 3.695
0.241 3.695
0.327 3.695
0.414 3.695
0.5 3.695
0.586 3.695
0.673 3.695
0.759 3.695
0.845 3.695
0.932 3.695
1.018 3.782
1.105 3.868
1.191 3.955
1.277 4.041
1.364 4.127
1.45 4.214
1.536 4.3
1.623 4.386
1.709 4.473
1.795 4.559
1.882 4.645
1.968 4.732
2.055 4.818
2.141 4.905
2.227 4.991
2.314 5.077
2.4 5.164
2.486 5.25
2.573 5.336
2.659 5.423
2.745 5.509
2.832 5.595
2.918 5.682
3.005 5.768
3.091 5.855
3.177 5.941
3.264 6.027
3.35 6.114
3.436 6.2
3.523 6.286
3.609 6.373
3.695 6.459
3.782 6.545
3.868 6.632
3.955 6.718
4.041 6.805
4.127 6.891
4.214 6.977
4.3 7.064
4.386 7.15
4.473 7.236
4.559 7.323
4.645 7.409
4.732 7.495
4.818 7.582
4.905 7.668
4.991 7.755
5.077 7.841
5.164 7.927
5.25 8.014
5.336 8.014
5.423 8.1
5.509 8.186
5.595 8.273
5.682 8.273
5.768 8.273
5.855 8.273
5.941 8.273
6.027 8.273
6.114 8.273
6.2 8.273
6.286 8.273
6.373 8.273
6.459 8.273
6.545 8.273
6.632 8.273
6.718 8.273
6.805 8.273
6.891 8.273
6.977 8.273
7.064 8.273
7.15 8.273
7.236 8.273
7.323 8.273
7.323 8.186
7.323 8.1
7.323 8.014
7.323 7.927
7.323 7.841
7.323 7.755
7.323 7.668
7.236 7.582
7.15 7.495
7.064 7.409
6.977 7.323
6.891 7.236
6.805 7.15
6.718 7.064
6.632 6.977
6.545 6.891
6.459 6.805
6.373 6.718
6.286 6.632
6.2 6.545
6.114 6.459
6.027 6.373
5.941 6.286
5.941 6.2
5.855 6.114
5.768 6.027
5.682 5.941
5.682 5.855
5.682 5.768
5.682 5.682
5.682 5.595
5.682 5.509
5.682 5.423
5.682 5.336
5.682 5.25
5.682 5.164
5.682 5.077
5.682 4.991
5.682 4.905
5.682 4.818
5.682 4.732
5.682 4.645
5.682 4.559
5.682 4.473
5.682 4.386
5.768 4.3
5.855 4.214
5.941 4.127
6.027 4.041
6.114 3.955
6.2 3.868
6.286 3.782
6.373 3.695
6.373 3.609
6.459 3.523
6.545 3.436
6.632 3.35
6.718 3.264
6.805 3.177
6.891 3.091
6.977 3.005
7.064 2.918
7.15 2.832
7.236 2.745
7.323 2.659
7.323 2.573
7.323 2.486
7.409 2.4
7.495 2.314
7.495 2.227
7.582 2.141
7.582 2.055
7.668 1.968
7.755 1.882
7.841 1.795
7.927 1.709
8.014 1.623
8.1 1.536
8.186 1.45
8.273 1.364
8.273 1.277
8.273 1.191
8.273 1.105
8.273 1.018
8.273 0.932
8.273 0.845
8.273 0.759
8.273 0.673
8.273 0.586
8.273 0.5
8.273 0.414
8.273 0.327
8.273 0.241
8.273 0.155
8.273 0.068
8.273 -0.018
8.273 -0.105
8.273 -0.191
8.273 -0.277
8.186 -0.277
8.1 -0.277
8.014 -0.277
7.927 -0.277
7.841 -0.277
7.755 -0.277
7.668 -0.277
7.582 -0.277
7.495 -0.277
7.409 -0.277
7.323 -0.277
7.236 -0.277
7.15 -0.277
7.064 -0.277
6.977 -0.191
6.891 -0.105
6.805 -0.018
6.718 0.068
6.632 0.155
6.545 0.155
6.459 0.241
6.373 0.241
6.286 0.327
6.2 0.327
6.114 0.327
6.027 0.327
5.941 0.327
5.855 0.327
5.768 0.327
5.682 0.327
5.682 0.241
5.682 0.155
5.595 0.068
5.595 -0.018
5.509 -0.105
5.509 -0.191
5.423 -0.277
5.336 -0.364
5.336 -0.45
5.336 -0.536
5.336 -0.623
5.336 -0.709
5.336 -0.795
5.336 -0.882
5.336 -0.968
5.336 -1.055
5.336 -1.141
5.336 -1.227
5.336 -1.314
5.336 -1.4
5.336 -1.486
5.336 -1.573
5.336 -1.659
5.336 -1.745
5.336 -1.832
5.336 -1.918
5.336 -2.005
5.336 -2.091
5.336 -2.177
5.336 -2.264
5.336 -2.35
5.336 -2.436
5.336 -2.523
5.336 -2.609
5.336 -2.695
5.336 -2.782
5.336 -2.868
5.336 -2.955
5.336 -3.041
5.336 -3.127
5.336 -3.214
5.336 -3.3
5.336 -3.386
5.336 -3.473
5.336 -3.559
5.336 -3.645
5.336 -3.732
5.336 -3.818
5.336 -3.905
5.336 -3.991
5.336 -4.077
5.336 -4.164
5.336 -4.25
5.336 -4.336
5.336 -4.423
5.336 -4.509
5.336 -4.595
5.336 -4.682
5.336 -4.768
5.336 -4.855
5.336 -4.941
5.336 -5.027
5.336 -5.114
5.336 -5.2
5.336 -5.286
5.336 -5.373
5.336 -5.459
5.336 -5.545
5.336 -5.632
5.336 -5.718
5.336 -5.805
5.336 -5.891
5.336 -5.977
5.336 -6.064
5.25 -6.15
5.25 -6.236
5.25 -6.323
5.25 -6.409
5.164 -6.495
5.164 -6.582
5.164 -6.668
5.164 -6.755
5.164 -6.841
5.077 -6.927
5.077 -7.014
5.077 -7.1
5.077 -7.186
5.077 -7.273
4.991 -7.359
4.991 -7.445
4.991 -7.532
4.991 -7.618
4.991 -7.705
4.991 -7.791
4.991 -7.877
4.991 -7.964
