-5.977 -3.041
-5.977 -2.955
-5.977 -2.868
-5.977 -2.782
-5.977 -2.695
-5.977 -2.609
-5.977 -2.523
-5.977 -2.436
-5.977 -2.35
-5.977 -2.264
-5.977 -2.177
-5.977 -2.091
-5.977 -2.005
-5.977 -1.918
-5.977 -1.832
-5.977 -1.745
-5.977 -1.659
-5.977 -1.573
-5.977 -1.486
-5.977 -1.4
-5.977 -1.314
-5.977 -1.227
-5.977 -1.141
-5.977 -1.055
-5.977 -0.968
-5.977 -0.882
-5.977 -0.795
-5.977 -0.709
-5.977 -0.623
-5.977 -0.536
-5.977 -0.45
-5.977 -0.364
-5.977 -0.277
-5.977 -0.191
-5.977 -0.105
-5.977 -0.018
-5.977 0.068
-5.977 0.155
-5.977 0.241
-5.977 0.327
-5.977 0.414
-5.977 0.5
-5.977 0.586
-5.977 0.673
-5.977 0.759
-5.977 0.845
-5.977 0.932
-5.977 1.018
-5.977 1.105
-5.977 1.191
-5.977 1.277
-5.977 1.364
-5.977 1.45
-5.977 1.536
-5.977 1.623
-5.977 1.709
-5.977 1.795
-5.977 1.882
-5.977 1.968
-5.977 2.055
-5.977 2.141
-5.977 2.227
-5.977 2.314
-5.977 2.4
-5.977 2.486
-5.977 2.573
-5.977 2.659
-5.977 2.745
-5.977 2.832
-5.977 2.918
-5.977 3.005
-5.977 3.091
-5.977 3.177
-5.977 3.264
-5.977 3.35
-6.064 3.436
-6.064 3.523
-6.064 3.609
-6.064 3.695
-6.064 3.782
-6.15 3.868
-6.15 3.955
-6.15 4.041
-6.15 4.127
-6.15 4.214
-6.236 4.3
-6.236 4.386
-6.236 4.473
-6.236 4.559
-6.323 4.645
-6.323 4.732
-6.323 4.818
-6.323 4.905
-6.323 4.991
-6.323 5.077
-6.323 5.164
-6.323 5.25
-6.323 5.336
-6.236 5.336
-6.15 5.336
-6.064 5.336
-5.977 5.336
-5.891 5.336
-5.805 5.336
-5.718 5.336
-5.632 5.336
-5.545 5.25
-5.459 5.164
-5.373 5.164
-5.286 5.164
-5.2 5.164
-5.114 5.077
-5.027 4.991
-4.941 4.905
-4.855 4.818
-4.768 4.732
-4.682 4.732
-4.595 4.732
-4.509 4.645
-4.423 4.559
-4.336 4.473
-4.25 4.473
-4.164 4.473
-4.077 4.386
-3.991 4.3
-3.905 4.214
-3.818 4.214
-3.732 4.127
-3.645 4.127
-3.559 4.041
-3.473 3.955
-3.386 3.955
-3.3 3.868
-3.214 3.868
-3.127 3.868
-3.041 3.868
-2.955 3.868
-2.868 3.868
-2.782 3.868
-2.695 3.868
-2.609 3.868
-2.523 3.868
-2.436 3.868
-2.35 3.868
-2.264 3.868
-2.177 3.868
-2.091 3.868
-2.005 3.868
-1.918 3.868
-1.832 3.868
-1.745 3.868
-1.659 3.868
-1.573 3.868
-1.486 3.868
-1.4 3.868
-1.314 3.868
-1.227 3.868
-1.141 3.868
-1.055 3.868
-0.968 3.868
-0.882 3.782
-0.795 3.695
-0.709 3.695
-0.623 3.695
-0.536 3.695
-0.45 3.695
-0.364 3.695
-0.277 3.695
-0.191 3.695
-0.105 3.695
-0.018 3.695
0.068 3.695
0.155 3.695
0.241 3.695
0.327 3.695
0.414 3.695
0.5 3.782
0.586 3.868
0.673 3.955
0.759 3.955
0.845 4.041
0.932 4.127
1.018 4.214
1.105 4.3
1.191 4.386
1.277 4.473
1.364 4.559
1.45 4.645
1.536 4.732
1.623 4.818
1.709 4.905
1.795 4.991
1.882 5.077
1.968 5.164
2.055 5.25
2.141 5.336
2.227 5.423
2.314 5.509
2.4 5.595
2.486 5.682
2.573 5.768
2.659 5.855
2.745 5.941
2.832 6.027
2.918 6.114
3.005 6.2
3.091 6.286
3.177 6.373
3.264 6.459
3.35 6.545
3.436 6.545
3.523 6.545
3.609 6.632
3.695 6.718
3.782 6.805
3.868 6.805
3.955 6.891
4.041 6.977
4.127 7.064
4.214 7.15
4.3 7.15
4.386 7.236
4.473 7.323
4.559 7.409
4.645 7.409
4.732 7.495
4.818 7.582
4.905 7.668
4.991 7.755
5.077 7.755
5.164 7.841
5.25 7.927
5.336 8.014
5.423 8.1
5.509 8.186
5.595 8.273
5.682 8.273
5.768 8.273
5.855 8.273
5.941 8.273
6.027 8.273
6.114 8.273
6.2 8.273
6.286 8.273
6.373 8.273
6.459 8.273
6.545 8.273
6.632 8.273
6.718 8.273
6.805 8.273
6.891 8.273
6.977 8.273
7.064 8.273
7.15 8.273
7.236 8.273
7.323 8.273
7.323 8.186
7.323 8.1
7.323 8.014
7.323 7.927
7.323 7.841
7.323 7.755
7.323 7.668
7.236 7.582
7.236 7.495
7.236 7.409
7.236 7.323
7.236 7.236
7.15 7.15
7.064 7.064
6.977 6.977
6.891 6.891
6.805 6.805
6.718 6.718
6.632 6.632
6.545 6.545
6.459 6.459
6.373 6.373
6.373 6.286
6.373 6.2
6.286 6.114
6.2 6.027
6.114 5.941
6.027 5.855
5.941 5.768
5.855 5.682
5.768 5.595
5.682 5.509
5.682 5.423
5.682 5.336
5.682 5.25
5.682 5.164
5.682 5.077
5.682 4.991
5.682 4.905
5.682 4.818
5.682 4.732
5.682 4.645
5.682 4.559
5.682 4.473
5.682 4.386
5.768 4.3
5.855 4.214
5.941 4.127
6.027 4.041
6.114 3.955
6.2 3.868
6.286 3.782
6.286 3.695
6.373 3.609
6.459 3.523
6.545 3.436
6.632 3.35
6.718 3.264
6.718 3.177
6.805 3.091
6.805 3.005
6.891 2.918
6.977 2.832
7.064 2.745
7.15 2.659
7.15 2.573
7.236 2.486
7.323 2.4
7.323 2.314
7.409 2.227
7.495 2.141
7.582 2.055
7.668 1.968
7.755 1.882
7.841 1.795
7.927 1.709
8.014 1.623
8.1 1.536
8.186 1.45
8.273 1.364
8.273 1.277
8.273 1.191
8.273 1.105
8.273 1.018
8.273 0.932
8.273 0.845
8.273 0.759
8.273 0.673
8.273 0.586
8.273 0.5
8.273 0.414
8.273 0.327
8.273 0.241
8.273 0.155
8.273 0.068
8.273 -0.018
8.273 -0.105
8.273 -0.191
8.273 -0.277
8.186 -0.277
8.1 -0.277
8.014 -0.277
7.927 -0.277
7.841 -0.277
7.755 -0.277
7.668 -0.277
7.582 -0.277
7.495 -0.277
7.409 -0.277
7.323 -0.277
7.236 -0.277
7.15 -0.191
7.064 -0.191
6.977 -0.191
6.891 -0.105
6.805 -0.018
6.718 -0.018
6.632 0.068
6.545 0.155
6.459 0.241
6.373 0.241
6.286 0.327
6.2 0.327
6.114 0.327
6.027 0.327
5.941 0.327
5.855 0.327
5.768 0.327
5.682 0.327
5.595 0.327
5.509 0.327
5.423 0.327
5.336 0.241
5.25 0.155
5.164 0.068
5.077 -0.018
4.991 -0.105
4.905 -0.191
4.818 -0.277
4.732 -0.364
4.645 -0.364
4.559 -0.45
4.473 -0.536
4.386 -0.536
4.3 -0.536
4.214 -0.536
4.127 -0.536
4.041 -0.623
3.955 -0.709
3.868 -0.795
3.782 -0.882
3.695 -0.968
3.609 -1.055
3.523 -1.141
3.436 -1.227
3.35 -1.314
3.264 -1.4
3.177 -1.486
3.091 -1.573
3.005 -1.659
2.918 -1.745
2.832 -1.832
2.745 -1.918
2.659 -2.005
2.573 -2.091
2.486 -2.177
2.4 -2.264
2.314 -2.35
2.227 -2.436
2.141 -2.523
2.055 -2.609
1.968 -2.609
1.882 -2.609
1.795 -2.609
1.709 -2.695
1.623 -2.782
1.536 -2.868
1.45 -2.955
1.364 -2.955
1.277 -2.955
1.191 -2.955
1.105 -2.955
1.018 -2.955
0.932 -3.041
