-4.941 5.941
-4.855 5.941
-4.768 5.941
-4.682 5.941
-4.595 5.941
-4.509 5.941
-4.423 5.941
-4.336 5.941
-4.25 5.941
-4.164 5.941
-4.077 5.855
-3.991 5.855
-3.905 5.768
-3.818 5.682
-3.732 5.595
-3.645 5.509
-3.559 5.423
-3.473 5.423
-3.386 5.336
-3.3 5.25
-3.214 5.164
-3.127 5.077
-3.041 4.991
-2.955 4.905
-2.868 4.818
-2.782 4.732
-2.695 4.645
-2.609 4.559
-2.523 4.473
-2.436 4.473
-2.35 4.386
-2.264 4.3
-2.177 4.214
-2.091 4.127
-2.005 4.041
-1.918 3.955
-1.832 3.955
-1.745 3.868
-1.659 3.782
-1.573 3.782
-1.486 3.782
-1.4 3.782
-1.314 3.782
-1.227 3.782
-1.141 3.782
-1.055 3.782
-0.968 3.782
-0.882 3.782
-0.795 3.782
-0.709 3.782
-0.623 3.782
-0.536 3.782
-0.45 3.695
-0.364 3.695
-0.277 3.695
-0.191 3.695
-0.105 3.695
-0.018 3.695
0.068 3.695
0.155 3.695
0.241 3.695
0.327 3.695
0.414 3.695
0.5 3.695
0.586 3.695
0.673 3.695
0.759 3.782
0.845 3.782
0.932 3.782
1.018 3.868
1.105 3.955
1.191 4.041
1.277 4.127
1.364 4.214
1.45 4.3
1.536 4.386
1.623 4.386
1.709 4.473
1.795 4.559
1.882 4.645
1.968 4.732
2.055 4.818
2.141 4.905
2.227 4.991
2.314 5.077
2.4 5.164
2.486 5.25
2.573 5.336
2.659 5.423
2.745 5.509
2.832 5.595
2.918 5.682
3.005 5.768
3.091 5.855
3.177 5.941
3.264 6.027
3.35 6.114
3.436 6.2
3.523 6.286
3.609 6.373
3.695 6.459
3.782 6.545
3.868 6.632
3.955 6.632
4.041 6.718
4.127 6.805
4.214 6.891
4.3 6.977
4.386 7.064
4.473 7.15
4.559 7.236
4.645 7.323
4.732 7.409
4.818 7.495
4.905 7.582
4.991 7.668
5.077 7.755
5.164 7.841
5.25 7.927
5.336 8.014
5.423 8.1
5.509 8.186
5.595 8.273
5.682 8.273
5.768 8.273
5.855 8.273
5.941 8.273
6.027 8.273
6.114 8.273
6.2 8.273
6.286 8.273
6.373 8.273
6.459 8.273
6.545 8.273
6.632 8.273
6.718 8.273
6.805 8.273
6.891 8.273
6.977 8.273
7.064 8.273
7.15 8.273
7.236 8.273
7.323 8.273
7.323 8.186
7.323 8.1
7.323 8.014
7.323 7.927
7.323 7.841
7.323 7.755
7.323 7.668
7.323 7.582
7.323 7.495
7.323 7.409
7.323 7.323
7.236 7.236
7.15 7.15
7.064 7.064
6.977 6.977
6.891 6.891
6.805 6.805
6.718 6.718
6.632 6.632
6.545 6.545
6.459 6.459
6.373 6.373
6.286 6.286
6.2 6.2
6.2 6.114
6.114 6.027
6.027 5.941
5.941 5.855
5.941 5.768
5.941 5.682
5.855 5.595
5.768 5.509
5.682 5.423
5.682 5.336
5.682 5.25
5.682 5.164
5.682 5.077
5.682 4.991
5.682 4.905
5.682 4.818
5.682 4.732
5.682 4.645
5.682 4.559
5.768 4.473
5.855 4.386
5.941 4.3
5.941 4.214
6.027 4.127
6.114 4.041
6.114 3.955
6.114 3.868
6.114 3.782
6.2 3.695
6.286 3.609
6.373 3.523
6.459 3.436
6.545 3.35
6.545 3.264
6.632 3.177
6.718 3.091
6.718 3.005
6.805 2.918
6.891 2.832
6.977 2.745
7.064 2.659
7.064 2.573
7.15 2.486
7.236 2.4
7.323 2.314
7.409 2.227
7.495 2.141
7.582 2.055
7.668 1.968
7.755 1.882
7.841 1.795
7.927 1.709
8.014 1.623
8.1 1.536
8.186 1.45
8.273 1.364
8.359 1.277
8.445 1.191
8.532 1.105
8.618 1.018
8.705 0.932
8.705 0.845
8.791 0.759
8.877 0.673
8.877 0.586
8.877 0.5
8.877 0.414
8.964 0.327
8.964 0.241
8.964 0.155
8.964 0.068
8.964 -0.018
8.964 -0.105
8.964 -0.191
8.964 -0.277
8.964 -0.364
8.964 -0.45
8.964 -0.536
8.964 -0.623
8.964 -0.709
8.964 -0.795
8.964 -0.882
8.964 -0.968
