-7.964 7.927
-7.877 7.927
-7.791 7.927
-7.705 7.927
-7.618 7.927
-7.532 7.927
-7.445 7.927
-7.359 7.927
-7.273 7.927
-7.186 7.927
-7.1 7.927
-7.014 7.927
-6.927 7.927
-6.841 7.927
-6.755 7.927
-6.668 7.927
-6.582 7.927
-6.495 7.927
-6.409 7.927
-6.323 7.927
-6.236 7.927
-6.15 7.927
-6.064 7.927
-5.977 7.927
-5.891 7.927
-5.805 7.927
-5.718 7.927
-5.632 7.927
-5.545 7.927
-5.459 7.927
-5.373 7.927
-5.286 7.927
-5.2 7.927
-5.114 7.927
-5.027 7.927
-4.941 7.927
-4.855 7.927
-4.768 7.927
-4.682 7.927
-4.595 7.927
-4.509 7.927
-4.423 8.014
-4.336 8.1
-4.25 8.1
-4.164 8.1
-4.077 8.186
-3.991 8.273
-3.905 8.273
-3.818 8.273
-3.732 8.273
-3.645 8.273
-3.559 8.273
-3.473 8.273
-3.386 8.273
-3.3 8.273
-3.214 8.273
-3.127 8.273
-3.041 8.273
-2.955 8.273
-2.868 8.273
-2.782 8.273
-2.695 8.273
-2.609 8.273
-2.523 8.273
-2.436 8.273
-2.35 8.273
-2.264 8.273
-2.177 8.273
-2.091 8.273
-2.005 8.273
-1.918 8.273
-1.832 8.273
-1.745 8.273
-1.659 8.273
-1.659 8.186
-1.659 8.1
-1.659 8.014
-1.659 7.927
-1.659 7.841
-1.659 7.755
-1.659 7.668
-1.659 7.582
-1.659 7.495
-1.659 7.409
-1.659 7.323
-1.659 7.236
-1.659 7.15
-1.659 7.064
-1.659 6.977
-1.659 6.891
-1.659 6.805
-1.659 6.718
-1.659 6.632
-1.659 6.545
-1.659 6.459
-1.659 6.373
-1.659 6.286
-1.659 6.2
-1.659 6.114
-1.659 6.027
-1.659 5.941
-1.659 5.855
-1.659 5.768
-1.659 5.682
-1.659 5.595
-1.659 5.509
-1.659 5.423
-1.659 5.336
-1.659 5.25
-1.659 5.164
-1.659 5.077
-1.659 4.991
-1.659 4.905
-1.659 4.818
-1.659 4.732
-1.745 4.645
-1.832 4.559
-1.918 4.473
-2.005 4.386
-2.091 4.3
-2.177 4.214
-2.264 4.127
-2.264 4.041
-2.264 3.955
-2.264 3.868
-2.264 3.782
-2.264 3.695
-2.264 3.609
-2.264 3.523
-2.264 3.436
-2.264 3.35
-2.264 3.264
-2.264 3.177
-2.264 3.091
-2.35 3.005
-2.436 2.918
-2.523 2.832
-2.609 2.745
-2.609 2.659
-2.609 2.573
-2.609 2.486
-2.609 2.4
-2.609 2.314
-2.609 2.227
-2.609 2.141
-2.609 2.055
-2.609 1.968
-2.609 1.882
-2.609 1.795
-2.609 1.709
-2.609 1.623
-2.609 1.536
-2.609 1.45
-2.609 1.364
-2.609 1.277
-2.609 1.191
-2.609 1.105
-2.695 1.018
-2.695 0.932
-2.695 0.845
-2.695 0.759
-2.695 0.673
-2.782 0.673
-2.868 0.673
-2.955 0.673
-3.041 0.673
-3.127 0.673
-3.214 0.673
-3.3 0.673
-3.386 0.673
-3.473 0.673
-3.559 0.673
-3.645 0.673
-3.732 0.673
-3.818 0.673
-3.905 0.673
-3.991 0.673
-4.077 0.673
-4.164 0.673
-4.25 0.673
-4.336 0.673
-4.423 0.673
-4.509 0.673
-4.595 0.759
-4.682 0.845
-4.768 0.845
-4.855 0.932
-4.941 1.018
-5.027 1.105
-5.114 1.191
-5.2 1.191
-5.286 1.277
-5.373 1.277
-5.459 1.364
-5.545 1.45
-5.632 1.45
-5.718 1.536
-5.805 1.623
-5.891 1.709
-5.977 1.795
-6.064 1.795
-6.15 1.882
-6.236 1.968
-6.323 2.055
-6.409 2.055
-6.495 2.141
-6.582 2.227
-6.668 2.314
-6.755 2.314
-6.841 2.314
-6.927 2.314
-7.014 2.314
-7.1 2.314
-7.186 2.314
-7.273 2.314
-7.273 2.227
-7.273 2.141
-7.273 2.055
-7.273 1.968
-7.273 1.882
-7.273 1.795
-7.273 1.709
-7.273 1.623
-7.273 1.536
-7.273 1.45
-7.273 1.364
-7.273 1.277
-7.273 1.191
-7.273 1.105
-7.273 1.018
-7.273 0.932
-7.273 0.845
-7.273 0.759
-7.273 0.673
-7.273 0.586
-7.273 0.5
-7.273 0.414
-7.273 0.327
-7.273 0.241
-7.186 0.155
-7.1 0.068
-7.014 -0.018
-6.927 -0.105
-6.841 -0.191
-6.841 -0.277
-6.841 -0.364
-6.841 -0.45
-6.755 -0.536
-6.668 -0.623
-6.582 -0.709
-6.582 -0.795
-6.495 -0.882
-6.409 -0.968
-6.409 -1.055
-6.409 -1.141
-6.409 -1.227
-6.409 -1.314
-6.409 -1.4
-6.409 -1.486
-6.409 -1.573
-6.323 -1.659
-6.236 -1.745
-6.236 -1.832
-6.15 -1.918
-6.15 -2.005
-6.15 -2.091
-6.15 -2.177
-6.15 -2.264
-6.15 -2.35
-6.15 -2.436
-6.15 -2.523
-6.15 -2.609
-6.15 -2.695
-6.15 -2.782
-6.15 -2.868
-6.15 -2.955
-6.15 -3.041
-6.15 -3.127
-6.15 -3.214
-6.15 -3.3
-6.15 -3.386
-6.15 -3.473
-6.15 -3.559
-6.15 -3.645
-6.15 -3.732
-6.15 -3.818
-6.15 -3.905
-6.15 -3.991
-6.15 -4.077
-6.15 -4.164
-6.15 -4.25
-6.15 -4.336
-6.15 -4.423
-6.15 -4.509
-6.15 -4.595
-6.15 -4.682
-6.15 -4.768
-6.15 -4.855
-6.064 -4.941
