6.977 -2.977
6.909 -2.977
6.841 -2.977
6.773 -2.977
6.705 -2.977
6.636 -2.977
6.568 -2.977
6.5 -2.977
6.432 -2.977
6.364 -2.977
6.295 -2.977
6.227 -2.977
6.159 -2.977
6.091 -2.977
6.023 -2.977
5.955 -2.977
5.886 -2.977
5.818 -2.977
5.75 -2.977
5.682 -2.977
5.614 -2.977
5.545 -2.977
5.477 -2.977
5.409 -2.977
5.341 -2.977
5.273 -2.977
5.205 -2.977
5.136 -2.977
5.068 -2.977
5.0 -2.977
4.932 -3.045
4.864 -3.114
4.795 -3.182
4.727 -3.25
4.659 -3.318
4.591 -3.386
4.523 -3.455
4.455 -3.523
4.386 -3.591
4.318 -3.659
4.25 -3.659
4.182 -3.727
4.114 -3.795
4.045 -3.864
3.977 -3.932
3.909 -4.0
3.841 -4.068
3.773 -4.136
3.705 -4.205
3.636 -4.273
3.568 -4.341
3.5 -4.341
3.432 -4.341
3.364 -4.341
3.295 -4.341
3.227 -4.341
3.159 -4.341
3.091 -4.341
3.023 -4.341
2.955 -4.341
2.886 -4.341
2.818 -4.341
2.75 -4.341
2.682 -4.341
2.614 -4.341
2.545 -4.341
2.477 -4.341
2.409 -4.341
2.341 -4.341
2.273 -4.341
2.205 -4.341
2.136 -4.341
2.068 -4.341
2.0 -4.341
1.932 -4.341
1.864 -4.341
1.795 -4.341
1.727 -4.341
1.659 -4.341
1.659 -4.273
1.591 -4.205
1.523 -4.136
1.523 -4.068
1.523 -4.0
1.523 -3.932
1.455 -3.864
1.386 -3.795
1.386 -3.727
1.318 -3.659
1.25 -3.591
1.182 -3.523
1.114 -3.455
1.114 -3.386
1.114 -3.318
1.114 -3.25
1.114 -3.182
1.114 -3.114
1.045 -3.045
1.045 -2.977
1.045 -2.909
1.045 -2.841
1.045 -2.773
1.045 -2.705
1.045 -2.636
1.045 -2.568
0.977 -2.5
0.909 -2.432
0.841 -2.364
0.773 -2.295
0.705 -2.227
0.636 -2.159
0.636 -2.091
0.636 -2.023
0.636 -1.955
0.568 -1.886
0.5 -1.818
0.432 -1.75
0.432 -1.682
0.432 -1.614
0.432 -1.545
0.364 -1.477
0.295 -1.409
0.295 -1.341
0.295 -1.273
0.227 -1.205
0.159 -1.136
0.091 -1.068
0.023 -1.0
0.023 -0.932
0.023 -0.864
-0.045 -0.795
-0.114 -0.727
-0.182 -0.659
-0.182 -0.591
-0.182 -0.523
-0.182 -0.455
-0.182 -0.386
-0.182 -0.318
-0.182 -0.25
-0.25 -0.182
-0.318 -0.114
-0.386 -0.045
-0.455 0.023
-0.523 0.091
-0.591 0.159
-0.659 0.227
-0.727 0.295
-0.795 0.364
-0.864 0.432
-0.932 0.5
-1.0 0.568
-1.068 0.636
-1.136 0.705
-1.205 0.773
-1.273 0.841
-1.341 0.909
-1.409 0.977
-1.477 1.045
-1.545 1.114
-1.614 1.182
-1.682 1.25
-1.75 1.318
-1.818 1.386
-1.818 1.455
-1.818 1.523
-1.818 1.591
-1.886 1.659
-1.955 1.727
-2.023 1.795
-2.091 1.864
-2.159 1.932
-2.159 2.0
-2.227 2.068
-2.295 2.136
-2.364 2.205
-2.432 2.273
-2.5 2.341
-2.5 2.409
-2.568 2.477
-2.636 2.545
-2.705 2.614
-2.773 2.682
-2.841 2.75
-2.909 2.818
-2.977 2.886
-2.977 2.955
-3.045 3.023
-3.114 3.091
-3.182 3.159
-3.25 3.227
-3.318 3.295
-3.386 3.364
-3.455 3.432
-3.523 3.5
-3.523 3.568
-3.523 3.636
-3.523 3.705
-3.591 3.773
-3.659 3.841
-3.727 3.909
-3.795 3.977
-3.864 4.045
-3.932 4.114
-4.0 4.182
-4.068 4.25
-4.068 4.318
-4.136 4.386
-4.205 4.455
-4.273 4.523
-4.341 4.591
-4.409 4.659
-4.477 4.727
-4.545 4.795
-4.545 4.864
-4.614 4.932
-4.682 5.0
-4.75 5.068
-4.818 5.136
-4.886 5.205
-4.955 5.273
-5.023 5.341
-5.091 5.409
-5.159 5.477
-5.227 5.545
-5.295 5.614
-5.364 5.682
-5.364 5.75
-5.432 5.818
-5.432 5.886
-5.5 5.955
-5.568 6.023
-5.568 6.091
-5.568 6.159
-5.636 6.227
-5.705 6.295
-5.773 6.364
-5.773 6.432
-5.773 6.5
-5.773 6.568
-5.773 6.636
-5.841 6.705
-5.841 6.773
-5.909 6.841
-5.977 6.909
-5.977 6.977
