6.977 -5.977
6.909 -5.977
6.841 -5.909
6.773 -5.841
6.705 -5.773
6.636 -5.705
6.568 -5.705
6.5 -5.705
6.432 -5.705
6.364 -5.705
6.295 -5.705
6.227 -5.636
6.159 -5.568
6.091 -5.5
6.023 -5.432
5.955 -5.432
5.886 -5.364
5.818 -5.364
5.75 -5.364
5.682 -5.364
5.614 -5.295
5.545 -5.295
5.477 -5.227
5.409 -5.159
5.341 -5.091
5.273 -5.023
5.205 -4.955
5.136 -4.886
5.068 -4.886
5.0 -4.886
4.932 -4.886
4.864 -4.886
4.795 -4.886
4.727 -4.886
4.659 -4.886
4.591 -4.886
4.523 -4.886
4.455 -4.886
4.386 -4.886
4.318 -4.886
4.25 -4.886
4.182 -4.886
4.114 -4.886
4.045 -4.886
3.977 -4.818
3.909 -4.75
3.841 -4.682
3.773 -4.614
3.705 -4.545
3.636 -4.477
3.568 -4.409
3.5 -4.409
3.432 -4.409
3.364 -4.409
3.295 -4.409
3.227 -4.409
3.159 -4.409
3.091 -4.409
3.023 -4.409
2.955 -4.409
2.886 -4.409
2.818 -4.409
2.75 -4.409
2.682 -4.409
2.614 -4.409
2.545 -4.409
2.477 -4.409
2.409 -4.409
2.341 -4.409
2.273 -4.409
2.205 -4.409
2.136 -4.409
2.068 -4.409
2.0 -4.409
1.932 -4.409
1.864 -4.409
1.795 -4.409
1.727 -4.409
1.659 -4.341
1.591 -4.273
1.523 -4.205
1.455 -4.136
1.386 -4.068
1.318 -4.0
1.25 -3.932
1.182 -3.864
1.114 -3.795
1.045 -3.727
0.977 -3.659
0.909 -3.591
0.841 -3.523
0.773 -3.455
0.705 -3.386
0.636 -3.318
0.568 -3.25
0.5 -3.182
0.5 -3.114
0.5 -3.045
0.432 -2.977
0.432 -2.909
0.364 -2.841
0.295 -2.773
0.295 -2.705
0.227 -2.705
0.159 -2.705
0.091 -2.705
0.023 -2.636
-0.045 -2.636
-0.114 -2.636
-0.182 -2.636
-0.25 -2.636
-0.318 -2.636
-0.386 -2.636
-0.455 -2.636
-0.523 -2.636
-0.591 -2.636
-0.659 -2.636
-0.727 -2.636
-0.795 -2.636
-0.864 -2.636
-0.932 -2.636
-1.0 -2.636
-1.068 -2.636
-1.136 -2.636
-1.205 -2.636
-1.273 -2.636
-1.341 -2.636
-1.409 -2.636
-1.477 -2.636
-1.545 -2.636
-1.614 -2.636
-1.682 -2.568
-1.75 -2.568
-1.818 -2.568
-1.886 -2.568
-1.955 -2.568
-2.023 -2.568
-2.091 -2.568
-2.159 -2.568
-2.227 -2.568
-2.295 -2.568
-2.364 -2.568
-2.432 -2.568
-2.5 -2.5
-2.568 -2.5
-2.636 -2.5
-2.705 -2.5
-2.773 -2.5
-2.841 -2.5
-2.909 -2.5
-2.977 -2.5
-3.045 -2.5
-3.114 -2.5
-3.182 -2.5
-3.25 -2.5
-3.318 -2.5
-3.386 -2.5
-3.455 -2.5
-3.523 -2.5
-3.591 -2.5
-3.659 -2.5
-3.727 -2.5
-3.795 -2.5
-3.864 -2.5
-3.932 -2.5
-4.0 -2.5
-4.068 -2.5
-4.136 -2.5
-4.205 -2.5
-4.273 -2.5
-4.341 -2.5
-4.409 -2.5
-4.477 -2.5
-4.545 -2.5
-4.614 -2.5
-4.682 -2.5
-4.75 -2.5
-4.818 -2.5
-4.886 -2.5
-4.955 -2.5
-5.023 -2.5
-5.091 -2.5
-5.159 -2.5
-5.227 -2.5
-5.295 -2.432
-5.364 -2.364
-5.432 -2.364
-5.5 -2.364
-5.568 -2.364
-5.636 -2.364
-5.705 -2.364
-5.773 -2.364
-5.841 -2.364
-5.909 -2.364
-5.977 -2.364
-6.045 -2.364
-6.114 -2.295
-6.182 -2.295
-6.25 -2.295
-6.318 -2.295
-6.318 -2.227
-6.318 -2.159
-6.318 -2.091
-6.318 -2.023
-6.318 -1.955
-6.318 -1.886
-6.318 -1.818
-6.318 -1.75
-6.318 -1.682
-6.318 -1.614
-6.318 -1.545
-6.318 -1.477
-6.25 -1.409
-6.25 -1.341
-6.182 -1.273
-6.182 -1.205
-6.182 -1.136
-6.182 -1.068
-6.114 -1.0
-6.114 -0.932
-6.114 -0.864
-6.114 -0.795
-6.045 -0.727
-6.045 -0.659
-6.045 -0.591
-6.045 -0.523
-5.977 -0.455
-5.977 -0.386
-5.977 -0.318
-5.977 -0.25
-5.977 -0.182
-5.977 -0.114
-5.977 -0.045
-5.977 0.023
-5.977 0.091
-5.977 0.159
-5.977 0.227
-5.977 0.295
-5.977 0.364
-5.977 0.432
-5.977 0.5
-5.977 0.568
-5.977 0.636
-5.977 0.705
-5.977 0.773
-5.977 0.841
-5.977 0.909
-5.977 0.977
