-2.0 -1.75
-1.95 -1.7
-1.9 -1.65
-1.85 -1.6
-1.8 -1.55
-1.75 -1.55
-1.7 -1.5
-1.65 -1.5
-1.6 -1.5
-1.55 -1.5
-1.5 -1.5
-1.45 -1.45
-1.4 -1.45
-1.35 -1.45
-1.3 -1.45
-1.25 -1.45
-1.2 -1.4
-1.15 -1.4
-1.1 -1.4
-1.05 -1.4
-1.0 -1.4
-0.95 -1.35
-0.9 -1.35
-0.85 -1.35
-0.8 -1.35
-0.75 -1.35
-0.7 -1.3
-0.7 -1.25
-0.7 -1.2
-0.7 -1.15
-0.7 -1.1
-0.7 -1.05
-0.7 -1.0
-0.7 -0.95
-0.7 -0.9
-0.7 -0.85
-0.7 -0.8
-0.7 -0.75
-0.7 -0.7
-0.75 -0.65
-0.75 -0.6
-0.8 -0.55
-0.8 -0.5
-0.85 -0.45
-0.9 -0.4
-0.95 -0.35
-1.0 -0.3
-1.0 -0.25
-1.05 -0.2
-1.1 -0.15
-1.1 -0.1
-1.1 -0.05
-1.15 0.0
-1.2 0.05
-1.25 0.1
-1.25 0.15
-1.3 0.2
-1.35 0.25
-1.4 0.3
-1.45 0.35
-1.45 0.4
-1.45 0.45
-1.5 0.5
-1.55 0.55
-1.6 0.6
-1.65 0.65
-1.65 0.7
-1.7 0.75
-1.7 0.8
-1.7 0.85
-1.75 0.9
-1.8 0.95
-1.85 1.0
-1.9 1.05
-1.95 1.1
-1.95 1.15
-2.0 1.2
-2.05 1.25
-2.05 1.3
-2.1 1.35
-2.15 1.4
-2.15 1.45
-2.15 1.5
-2.2 1.55
-2.2 1.6
-2.25 1.65
-2.3 1.7
-2.35 1.75
-2.35 1.8
-2.35 1.85
-2.4 1.9
-2.45 1.95
-2.5 2.0
-2.5 2.05
-2.5 2.1
-2.5 2.15
-2.5 2.2
-2.5 2.25
-2.5 2.3
-2.5 2.35
-2.55 2.4
-2.6 2.45
-2.65 2.5
-2.7 2.55
-2.75 2.6
-2.8 2.65
-2.85 2.7
-2.9 2.75
-2.95 2.8
-3.0 2.85
-3.0 2.9
-3.0 2.95
-3.0 3.0
