-1.0 -1.75
-0.95 -1.7
-0.95 -1.65
-0.9 -1.6
-0.85 -1.55
-0.8 -1.5
-0.75 -1.45
-0.7 -1.4
-0.7 -1.35
-0.7 -1.3
-0.7 -1.25
-0.7 -1.2
-0.7 -1.15
-0.7 -1.1
-0.7 -1.05
-0.7 -1.0
-0.7 -0.95
-0.7 -0.9
-0.7 -0.85
-0.7 -0.8
-0.7 -0.75
-0.7 -0.7
-0.75 -0.65
-0.8 -0.6
-0.85 -0.55
-0.85 -0.5
-0.9 -0.45
-0.95 -0.4
-0.95 -0.35
-1.0 -0.3
-1.05 -0.25
-1.05 -0.2
-1.1 -0.15
-1.15 -0.1
-1.15 -0.05
-1.2 0.0
-1.2 0.05
-1.25 0.1
-1.3 0.15
-1.35 0.2
-1.35 0.25
-1.4 0.3
-1.45 0.35
-1.45 0.4
-1.5 0.45
-1.55 0.5
-1.55 0.55
-1.6 0.6
-1.65 0.65
-1.65 0.7
-1.7 0.75
-1.7 0.8
-1.75 0.85
-1.8 0.9
-1.85 0.95
-1.85 1.0
-1.9 1.05
-1.9 1.1
-1.95 1.15
-2.0 1.2
-2.0 1.25
-2.05 1.3
-2.1 1.35
-2.15 1.4
-2.15 1.45
-2.2 1.5
-2.2 1.55
-2.2 1.6
-2.25 1.65
-2.3 1.7
-2.35 1.75
-2.4 1.8
-2.4 1.85
-2.45 1.9
-2.5 1.95
-2.55 2.0
-2.55 2.05
-2.6 2.1
-2.65 2.15
-2.65 2.2
-2.65 2.25
-2.7 2.3
-2.75 2.35
-2.8 2.4
-2.85 2.4
-2.9 2.4
-2.95 2.45
-3.0 2.45
-3.05 2.45
-3.1 2.45
-3.15 2.45
-3.2 2.45
-3.25 2.45
-3.3 2.45
-3.35 2.45
-3.4 2.45
-3.45 2.45
-3.5 2.45
-3.55 2.45
-3.6 2.45
-3.65 2.45
-3.7 2.45
-3.75 2.45
-3.8 2.45
-3.85 2.45
-3.9 2.45
-3.95 2.45
-4.0 2.45
-4.05 2.45
-4.1 2.5
-4.15 2.55
-4.2 2.6
-4.25 2.65
-4.3 2.65
-4.35 2.65
-4.4 2.65
-4.45 2.65
-4.5 2.65
-4.55 2.65
-4.6 2.65
-4.65 2.65
-4.7 2.65
-4.75 2.65
-4.8 2.65
-4.85 2.65
-4.9 2.65
-4.95 2.65
-5.0 2.65
-5.05 2.65
-5.1 2.65
-5.15 2.65
-5.2 2.65
-5.25 2.65
-5.3 2.65
-5.35 2.65
-5.4 2.65
-5.45 2.65
-5.5 2.65
-5.55 2.65
-5.6 2.65
-5.65 2.65
-5.7 2.7
-5.75 2.75
-5.8 2.8
-5.85 2.85
-5.9 2.9
-5.95 2.95
-6.0 3.0
