3.0 3.0
2.95 3.0
2.9 3.0
2.85 3.0
2.8 3.0
2.75 2.95
2.7 2.95
2.65 2.9
2.6 2.9
2.55 2.85
2.5 2.8
2.45 2.8
2.4 2.75
2.35 2.75
2.3 2.75
2.25 2.75
2.2 2.75
2.15 2.75
2.1 2.75
2.05 2.75
2.0 2.75
1.95 2.75
1.9 2.75
1.85 2.7
1.8 2.7
1.75 2.65
1.7 2.65
1.65 2.6
1.6 2.6
1.55 2.6
1.5 2.6
1.45 2.6
1.4 2.6
1.35 2.6
1.3 2.6
1.25 2.6
1.2 2.6
1.15 2.6
1.1 2.6
1.05 2.6
1.0 2.6
0.95 2.6
0.9 2.6
0.85 2.6
0.8 2.6
0.75 2.6
0.7 2.6
0.65 2.6
0.6 2.6
0.55 2.6
0.5 2.6
0.45 2.6
0.4 2.6
0.35 2.6
0.3 2.6
0.25 2.6
0.2 2.6
0.15 2.6
0.1 2.6
0.05 2.6
0.0 2.6
-0.05 2.6
-0.1 2.6
-0.15 2.6
-0.2 2.6
-0.25 2.6
-0.3 2.6
-0.35 2.6
-0.4 2.6
-0.45 2.6
-0.5 2.6
-0.55 2.6
-0.6 2.6
-0.65 2.6
-0.7 2.6
-0.75 2.6
-0.8 2.6
-0.85 2.6
-0.9 2.6
-0.95 2.6
-1.0 2.55
-1.05 2.55
-1.1 2.55
-1.15 2.55
-1.2 2.55
-1.25 2.5
-1.3 2.45
-1.35 2.45
-1.4 2.45
-1.45 2.45
-1.5 2.4
-1.55 2.4
-1.6 2.4
-1.65 2.4
-1.7 2.4
-1.75 2.35
-1.8 2.3
-1.85 2.3
-1.9 2.3
-1.95 2.3
-2.0 2.3
-2.05 2.3
-2.1 2.3
-2.15 2.3
-2.2 2.3
-2.25 2.3
-2.3 2.3
-2.3 2.25
-2.3 2.2
-2.3 2.15
-2.3 2.1
-2.3 2.05
-2.3 2.0
-2.3 1.95
-2.3 1.9
-2.3 1.85
-2.3 1.8
-2.3 1.75
-2.3 1.7
-2.3 1.65
-2.25 1.6
-2.2 1.55
-2.15 1.5
-2.15 1.45
-2.15 1.4
-2.1 1.35
-2.05 1.3
-2.05 1.25
-2.0 1.2
-1.95 1.15
-1.95 1.1
-1.9 1.05
-1.85 1.0
-1.85 0.95
-1.8 0.9
-1.75 0.85
-1.7 0.8
-1.7 0.75
-1.65 0.7
-1.6 0.65
-1.55 0.6
-1.5 0.55
-1.45 0.5
-1.45 0.45
-1.45 0.4
-1.45 0.35
-1.4 0.3
-1.35 0.25
-1.3 0.2
-1.25 0.15
-1.2 0.1
-1.2 0.05
-1.15 0.0
-1.1 -0.05
-1.1 -0.1
-1.1 -0.15
-1.05 -0.2
-1.05 -0.25
-1.0 -0.3
-0.95 -0.35
-0.95 -0.4
-0.9 -0.45
-0.85 -0.5
-0.85 -0.55
-0.8 -0.6
-0.75 -0.65
-0.7 -0.7
-0.7 -0.75
-0.7 -0.8
-0.7 -0.85
-0.7 -0.9
-0.7 -0.95
-0.7 -1.0
-0.7 -1.05
-0.7 -1.1
-0.7 -1.15
-0.7 -1.2
-0.7 -1.25
-0.7 -1.3
-0.75 -1.35
-0.8 -1.4
-0.85 -1.45
-0.9 -1.5
-0.95 -1.55
-0.95 -1.6
-0.95 -1.65
-1.0 -1.7
-1.0 -1.75
