-6.064 -6.927
-6.15 -6.927
-6.236 -7.014
-6.323 -7.1
-6.409 -7.186
-6.495 -7.186
-6.582 -7.186
-6.668 -7.273
-6.755 -7.273
-6.841 -7.273
-6.927 -7.273
-7.014 -7.273
-7.1 -7.273
-7.186 -7.273
-7.273 -7.273
-7.273 -7.186
-7.359 -7.1
-7.445 -7.014
-7.532 -6.927
-7.532 -6.841
-7.532 -6.755
-7.532 -6.668
-7.532 -6.582
-7.532 -6.495
-7.532 -6.409
-7.532 -6.323
-7.532 -6.236
-7.532 -6.15
-7.532 -6.064
-7.532 -5.977
-7.532 -5.891
-7.532 -5.805
-7.532 -5.718
-7.532 -5.632
-7.532 -5.545
-7.532 -5.459
-7.532 -5.373
-7.532 -5.286
-7.532 -5.2
-7.532 -5.114
-7.532 -5.027
-7.532 -4.941
-7.618 -4.855
-7.705 -4.768
-7.705 -4.682
-7.705 -4.595
-7.705 -4.509
-7.705 -4.423
-7.705 -4.336
-7.705 -4.25
-7.705 -4.164
-7.705 -4.077
-7.705 -3.991
-7.705 -3.905
-7.705 -3.818
-7.705 -3.732
-7.705 -3.645
-7.705 -3.559
-7.705 -3.473
-7.705 -3.386
-7.705 -3.3
-7.705 -3.214
-7.705 -3.127
-7.705 -3.041
-7.705 -2.955
-7.705 -2.868
-7.705 -2.782
-7.705 -2.695
-7.705 -2.609
-7.705 -2.523
-7.705 -2.436
-7.705 -2.35
-7.705 -2.264
-7.705 -2.177
-7.705 -2.091
-7.705 -2.005
-7.705 -1.918
-7.705 -1.832
-7.791 -1.745
-7.791 -1.659
-7.877 -1.573
-7.964 -1.486
-8.05 -1.4
-8.136 -1.314
-8.223 -1.227
-8.309 -1.141
-8.309 -1.055
-8.309 -0.968
-8.309 -0.882
-8.309 -0.795
-8.309 -0.709
-8.309 -0.623
-8.309 -0.536
-8.309 -0.45
-8.309 -0.364
-8.309 -0.277
-8.309 -0.191
-8.309 -0.105
-8.309 -0.018
-8.309 0.068
-8.309 0.155
-8.309 0.241
-8.309 0.327
-8.309 0.414
-8.309 0.5
-8.309 0.586
-8.309 0.673
-8.309 0.759
-8.309 0.845
-8.309 0.932
-8.309 1.018
-8.309 1.105
-8.309 1.191
-8.309 1.277
-8.309 1.364
-8.309 1.45
-8.309 1.536
-8.309 1.623
-8.309 1.709
-8.309 1.795
-8.309 1.882
-8.309 1.968
-8.309 2.055
-8.309 2.141
-8.309 2.227
-8.309 2.314
-8.309 2.4
-8.309 2.486
-8.309 2.573
-8.309 2.659
-8.309 2.745
-8.309 2.832
-8.309 2.918
-8.309 3.005
-8.309 3.091
-8.309 3.177
-8.309 3.264
-8.309 3.35
-8.309 3.436
-8.309 3.523
-8.309 3.609
-8.309 3.695
-8.309 3.782
-8.309 3.868
-8.309 3.955
-8.309 4.041
-8.309 4.127
-8.309 4.214
-8.309 4.3
-8.309 4.386
-8.309 4.473
-8.309 4.559
-8.309 4.645
-8.309 4.732
-8.309 4.818
-8.309 4.905
-8.309 4.991
-8.309 5.077
-8.309 5.164
-8.309 5.25
-8.309 5.336
-8.309 5.423
-8.309 5.509
-8.309 5.595
-8.309 5.682
-8.309 5.768
-8.309 5.855
-8.309 5.941
-8.309 6.027
-8.309 6.114
-8.309 6.2
-8.309 6.286
-8.223 6.286
-8.136 6.286
-8.05 6.286
-7.964 6.286
-7.877 6.286
-7.791 6.286
-7.705 6.286
-7.618 6.286
-7.532 6.373
-7.445 6.373
-7.359 6.373
-7.273 6.459
-7.186 6.459
-7.1 6.545
-7.014 6.545
-6.927 6.545
-6.841 6.632
-6.755 6.718
-6.668 6.718
-6.582 6.718
-6.495 6.718
-6.409 6.805
-6.323 6.891
-6.236 6.891
-6.15 6.891
-6.064 6.977
