8.964 6.977
8.877 6.891
8.877 6.805
8.877 6.718
8.877 6.632
8.791 6.545
8.705 6.459
8.705 6.373
8.705 6.286
8.618 6.2
8.532 6.114
8.532 6.027
8.532 5.941
8.532 5.855
8.445 5.768
8.445 5.682
8.445 5.595
8.445 5.509
8.445 5.423
8.359 5.336
8.359 5.25
8.359 5.164
8.359 5.077
8.273 4.991
8.273 4.905
8.273 4.818
8.273 4.732
8.273 4.645
8.186 4.645
8.1 4.645
8.014 4.645
7.927 4.559
7.841 4.559
7.755 4.559
7.668 4.559
7.582 4.559
7.495 4.559
7.409 4.559
7.323 4.559
7.236 4.559
7.15 4.473
7.064 4.473
6.977 4.473
6.891 4.473
6.805 4.473
6.718 4.473
6.632 4.473
6.545 4.386
6.459 4.386
6.373 4.386
6.286 4.386
6.2 4.3
6.114 4.214
6.027 4.214
5.941 4.214
5.855 4.214
5.768 4.127
5.682 4.127
5.595 4.127
5.509 4.041
5.423 4.041
5.336 3.955
5.25 3.868
5.164 3.868
5.077 3.868
4.991 3.868
4.905 3.868
4.818 3.868
4.732 3.868
4.645 3.868
4.559 3.868
4.473 3.868
4.386 3.868
4.3 3.868
4.214 3.868
4.127 3.868
4.041 3.868
3.955 3.868
3.868 3.782
3.782 3.695
3.695 3.609
3.609 3.523
3.523 3.523
3.436 3.436
3.35 3.436
3.264 3.436
3.177 3.436
3.091 3.436
3.005 3.436
2.918 3.436
2.832 3.436
2.745 3.436
2.659 3.436
2.573 3.436
2.486 3.436
2.4 3.436
2.314 3.436
2.227 3.35
2.141 3.35
2.055 3.264
1.968 3.264
1.882 3.264
1.795 3.264
1.709 3.264
1.623 3.264
1.536 3.264
1.45 3.264
1.364 3.264
1.277 3.264
1.191 3.264
1.105 3.264
1.018 3.264
0.932 3.264
0.845 3.264
0.759 3.264
0.673 3.264
0.586 3.264
0.5 3.264
0.414 3.264
0.327 3.264
0.241 3.264
0.155 3.264
0.068 3.264
-0.018 3.264
-0.105 3.264
-0.191 3.264
-0.277 3.264
-0.364 3.264
-0.45 3.177
-0.45 3.091
-0.536 3.005
-0.623 2.918
-0.709 2.832
-0.795 2.745
-0.882 2.659
-0.968 2.573
-1.055 2.486
-1.141 2.4
-1.227 2.314
-1.314 2.227
-1.4 2.141
-1.486 2.055
-1.573 1.968
-1.659 1.882
-1.745 1.795
-1.832 1.709
-1.918 1.623
-1.918 1.536
-1.918 1.45
-1.918 1.364
-1.918 1.277
-1.918 1.191
-1.918 1.105
-1.918 1.018
-1.918 0.932
-2.005 0.845
-2.005 0.759
-2.091 0.673
-2.177 0.586
-2.177 0.5
-2.264 0.414
-2.264 0.327
-2.264 0.241
-2.264 0.155
-2.264 0.068
-2.264 -0.018
-2.264 -0.105
-2.264 -0.191
-2.264 -0.277
-2.264 -0.364
-2.264 -0.45
-2.177 -0.536
-2.091 -0.623
-2.091 -0.709
-2.091 -0.795
-2.091 -0.882
-2.091 -0.968
-2.091 -1.055
-2.091 -1.141
-2.091 -1.227
-2.005 -1.314
-2.005 -1.4
-2.005 -1.486
-2.005 -1.573
-2.005 -1.659
-2.005 -1.745
-2.005 -1.832
-1.918 -1.918
