-1.918 -5.977
-2.005 -5.977
-2.091 -5.977
-2.177 -5.977
-2.264 -5.977
-2.35 -5.977
-2.436 -5.977
-2.523 -5.977
-2.609 -5.977
-2.695 -5.977
-2.782 -5.977
-2.868 -5.977
-2.955 -5.977
-3.041 -5.977
-3.127 -5.977
-3.214 -5.977
-3.3 -5.977
-3.386 -5.977
-3.473 -5.977
-3.559 -5.977
-3.645 -5.977
-3.732 -5.977
-3.818 -6.064
-3.905 -6.064
-3.991 -6.15
-4.077 -6.15
-4.164 -6.236
-4.25 -6.236
-4.336 -6.236
-4.423 -6.323
-4.509 -6.323
-4.595 -6.409
-4.682 -6.409
-4.768 -6.495
-4.855 -6.495
-4.941 -6.495
-5.027 -6.582
-5.114 -6.582
-5.2 -6.668
-5.286 -6.668
-5.373 -6.755
-5.459 -6.755
-5.545 -6.755
-5.632 -6.755
-5.718 -6.841
-5.805 -6.841
-5.891 -6.927
-5.977 -6.927
-6.064 -7.014
-6.15 -7.014
-6.236 -7.1
-6.323 -7.1
-6.409 -7.186
-6.495 -7.186
-6.582 -7.273
-6.668 -7.273
-6.755 -7.273
-6.841 -7.273
-6.927 -7.273
-7.014 -7.273
-7.1 -7.273
-7.186 -7.273
-7.273 -7.273
-7.273 -7.186
-7.273 -7.1
-7.273 -7.014
-7.273 -6.927
-7.273 -6.841
-7.273 -6.755
-7.273 -6.668
-7.273 -6.582
-7.273 -6.495
-7.273 -6.409
-7.273 -6.323
-7.273 -6.236
-7.273 -6.15
-7.273 -6.064
-7.273 -5.977
-7.273 -5.891
-7.273 -5.805
-7.273 -5.718
-7.273 -5.632
-7.273 -5.545
-7.273 -5.459
-7.273 -5.373
-7.273 -5.286
-7.273 -5.2
-7.273 -5.114
-7.273 -5.027
-7.273 -4.941
-7.273 -4.855
-7.273 -4.768
-7.273 -4.682
-7.273 -4.595
-7.273 -4.509
-7.273 -4.423
-7.273 -4.336
-7.273 -4.25
-7.273 -4.164
-7.273 -4.077
-7.273 -3.991
-7.273 -3.905
-7.273 -3.818
-7.273 -3.732
-7.273 -3.645
-7.273 -3.559
-7.273 -3.473
-7.273 -3.386
-7.273 -3.3
-7.273 -3.214
-7.273 -3.127
-7.273 -3.041
-7.273 -2.955
-7.273 -2.868
-7.273 -2.782
-7.273 -2.695
-7.273 -2.609
-7.273 -2.523
-7.273 -2.436
-7.273 -2.35
-7.273 -2.264
-7.273 -2.177
-7.273 -2.091
-7.273 -2.005
-7.273 -1.918
-7.273 -1.832
-7.273 -1.745
-7.273 -1.659
-7.273 -1.573
-7.273 -1.486
-7.273 -1.4
-7.273 -1.314
-7.273 -1.227
-7.273 -1.141
-7.273 -1.055
-7.273 -0.968
-7.273 -0.882
-7.273 -0.795
-7.273 -0.709
-7.273 -0.623
-7.273 -0.536
-7.273 -0.45
-7.273 -0.364
-7.273 -0.277
-7.273 -0.191
-7.273 -0.105
-7.273 -0.018
-7.273 0.068
-7.273 0.155
-7.273 0.241
-7.273 0.327
-7.273 0.414
-7.273 0.5
-7.273 0.586
-7.273 0.673
-7.273 0.759
-7.273 0.845
-7.273 0.932
-7.273 1.018
-7.273 1.105
-7.273 1.191
-7.273 1.277
-7.273 1.364
-7.273 1.45
-7.273 1.536
-7.273 1.623
-7.273 1.709
-7.273 1.795
-7.273 1.882
-7.273 1.968
-7.273 2.055
-7.273 2.141
-7.273 2.227
-7.273 2.314
-7.186 2.314
-7.1 2.314
-7.014 2.314
-6.927 2.314
-6.841 2.314
-6.755 2.314
-6.668 2.314
-6.582 2.227
-6.495 2.141
-6.409 2.141
-6.323 2.141
-6.236 2.141
-6.15 2.141
-6.064 2.141
-5.977 2.141
-5.891 2.055
-5.805 1.968
-5.718 1.882
-5.632 1.882
-5.545 1.882
-5.459 1.795
-5.373 1.709
-5.286 1.623
-5.2 1.536
-5.114 1.45
-5.027 1.364
-4.941 1.277
-4.855 1.191
-4.768 1.105
-4.682 1.018
-4.595 0.932
-4.509 0.845
-4.423 0.759
-4.336 0.673
-4.25 0.673
-4.164 0.673
-4.077 0.673
-3.991 0.586
-3.905 0.586
-3.818 0.5
-3.732 0.5
-3.645 0.414
-3.559 0.327
-3.473 0.327
-3.386 0.327
-3.3 0.241
-3.214 0.155
-3.127 0.155
-3.041 0.068
-2.955 0.068
-2.868 -0.018
-2.782 -0.018
-2.695 -0.105
-2.609 -0.105
-2.523 -0.191
-2.436 -0.277
-2.35 -0.277
-2.264 -0.364
-2.177 -0.364
-2.091 -0.45
-2.005 -0.536
-1.918 -0.536
-1.832 -0.623
-1.745 -0.623
-1.659 -0.709
-1.573 -0.795
-1.486 -0.795
-1.4 -0.795
-1.314 -0.795
-1.227 -0.882
-1.141 -0.968
-1.055 -1.055
-0.968 -1.141
-0.882 -1.227
-0.795 -1.314
-0.709 -1.4
-0.623 -1.486
-0.536 -1.573
-0.45 -1.659
-0.364 -1.745
-0.277 -1.832
-0.191 -1.918
-0.105 -2.005
-0.018 -2.005
