-1.0 -1.75
-1.05 -1.8
-1.1 -1.8
-1.15 -1.8
-1.2 -1.8
-1.25 -1.85
-1.3 -1.85
-1.35 -1.85
-1.4 -1.85
-1.45 -1.85
-1.5 -1.85
-1.55 -1.85
-1.6 -1.85
-1.65 -1.85
-1.7 -1.85
-1.75 -1.85
-1.8 -1.85
-1.85 -1.85
-1.9 -1.85
-1.95 -1.85
-2.0 -1.85
-2.05 -1.85
-2.1 -1.85
-2.15 -1.85
-2.2 -1.85
-2.25 -1.85
-2.3 -1.85
-2.35 -1.85
-2.4 -1.85
-2.45 -1.85
-2.5 -1.85
-2.55 -1.85
-2.6 -1.85
-2.65 -1.85
-2.7 -1.85
-2.75 -1.85
-2.8 -1.85
-2.85 -1.85
-2.9 -1.85
-2.95 -1.85
-3.0 -1.85
-3.05 -1.85
-3.1 -1.85
-3.15 -1.85
-3.2 -1.85
-3.25 -1.85
-3.3 -1.85
-3.35 -1.85
-3.4 -1.85
-3.45 -1.85
-3.5 -1.85
-3.55 -1.85
-3.6 -1.85
-3.65 -1.85
-3.7 -1.85
-3.75 -1.85
-3.8 -1.85
-3.85 -1.85
-3.9 -1.85
-3.95 -1.85
-4.0 -1.85
-4.05 -1.85
-4.1 -1.85
-4.15 -1.85
-4.2 -1.85
-4.25 -1.85
-4.3 -1.85
-4.35 -1.85
-4.4 -1.85
-4.45 -1.85
-4.5 -1.85
-4.55 -1.85
-4.6 -1.85
-4.65 -1.85
-4.7 -1.85
-4.75 -1.85
-4.8 -1.85
-4.85 -1.85
-4.9 -1.85
-4.95 -1.85
-5.0 -1.9
-5.05 -1.95
-5.1 -1.95
-5.15 -1.95
-5.2 -1.95
-5.25 -1.95
-5.3 -1.95
-5.35 -1.95
-5.4 -1.95
-5.45 -1.95
-5.5 -1.95
-5.55 -1.95
-5.6 -1.95
-5.65 -1.95
-5.7 -1.95
-5.75 -1.95
-5.8 -1.95
-5.85 -1.95
-5.9 -2.0
-5.95 -2.0
-6.0 -2.0
