3.0 -6.0
2.95 -6.0
2.9 -6.0
2.85 -6.0
2.8 -6.0
2.75 -5.95
2.7 -5.95
2.65 -5.95
2.6 -5.95
2.55 -5.9
2.5 -5.9
2.45 -5.9
2.4 -5.9
2.35 -5.9
2.3 -5.9
2.25 -5.9
2.2 -5.9
2.15 -5.9
2.1 -5.9
2.05 -5.9
2.0 -5.9
1.95 -5.9
1.9 -5.85
1.85 -5.8
1.8 -5.8
1.75 -5.75
1.7 -5.75
1.65 -5.75
1.6 -5.75
1.55 -5.75
1.5 -5.75
1.45 -5.75
1.4 -5.75
1.35 -5.75
1.3 -5.75
1.25 -5.75
1.2 -5.75
1.15 -5.75
1.1 -5.75
1.05 -5.75
1.0 -5.7
0.95 -5.7
0.9 -5.7
0.85 -5.7
0.8 -5.7
0.75 -5.7
0.7 -5.7
0.65 -5.7
0.6 -5.7
0.55 -5.7
0.5 -5.7
0.45 -5.7
0.4 -5.7
0.35 -5.7
0.3 -5.7
0.25 -5.7
0.2 -5.7
0.15 -5.7
0.1 -5.7
0.05 -5.7
0.0 -5.7
-0.05 -5.7
-0.1 -5.7
-0.15 -5.7
-0.2 -5.7
-0.25 -5.7
-0.3 -5.7
-0.35 -5.7
-0.4 -5.7
-0.45 -5.7
-0.5 -5.7
-0.55 -5.7
-0.6 -5.7
-0.65 -5.7
-0.7 -5.7
-0.75 -5.7
-0.8 -5.7
-0.85 -5.7
-0.9 -5.7
-0.95 -5.7
-1.0 -5.7
-1.05 -5.7
-1.1 -5.7
-1.15 -5.7
-1.2 -5.7
-1.25 -5.7
-1.3 -5.7
-1.35 -5.7
-1.4 -5.7
-1.45 -5.7
-1.5 -5.7
-1.55 -5.7
-1.6 -5.7
-1.65 -5.7
-1.7 -5.7
-1.75 -5.7
-1.8 -5.7
-1.85 -5.7
-1.9 -5.7
-1.95 -5.7
-2.0 -5.7
-2.05 -5.7
-2.1 -5.7
-2.15 -5.7
-2.2 -5.7
-2.25 -5.7
-2.3 -5.7
-2.35 -5.7
-2.4 -5.7
-2.45 -5.7
-2.5 -5.7
-2.55 -5.7
-2.6 -5.7
-2.65 -5.7
-2.7 -5.7
-2.75 -5.7
-2.8 -5.7
-2.85 -5.7
-2.9 -5.7
-2.95 -5.7
-3.0 -5.7
-3.05 -5.7
-3.1 -5.7
-3.15 -5.7
-3.2 -5.7
-3.25 -5.65
-3.3 -5.65
-3.35 -5.65
-3.4 -5.65
-3.45 -5.65
-3.5 -5.65
-3.55 -5.65
-3.6 -5.65
-3.65 -5.65
-3.7 -5.65
-3.75 -5.65
-3.8 -5.65
-3.85 -5.65
-3.9 -5.65
-3.95 -5.65
-4.0 -5.65
-4.05 -5.65
-4.1 -5.65
-4.15 -5.6
-4.2 -5.6
-4.25 -5.6
-4.3 -5.6
-4.35 -5.6
-4.4 -5.6
-4.45 -5.6
-4.5 -5.6
-4.55 -5.6
-4.6 -5.6
-4.65 -5.6
-4.7 -5.6
-4.75 -5.6
-4.8 -5.6
-4.85 -5.6
-4.9 -5.55
-4.95 -5.55
-5.0 -5.5
-5.05 -5.5
-5.1 -5.45
-5.15 -5.4
-5.2 -5.35
-5.25 -5.3
-5.3 -5.3
-5.3 -5.25
-5.3 -5.2
-5.3 -5.15
-5.3 -5.1
-5.3 -5.05
-5.3 -5.0
-5.3 -4.95
-5.3 -4.9
-5.3 -4.85
-5.3 -4.8
-5.3 -4.75
-5.3 -4.7
-5.3 -4.65
-5.3 -4.6
-5.3 -4.55
-5.3 -4.5
-5.3 -4.45
-5.3 -4.4
-5.3 -4.35
-5.3 -4.3
-5.3 -4.25
-5.3 -4.2
-5.3 -4.15
-5.3 -4.1
-5.3 -4.05
-5.3 -4.0
-5.3 -3.95
-5.3 -3.9
-5.3 -3.85
-5.3 -3.8
-5.3 -3.75
-5.3 -3.7
-5.3 -3.65
-5.3 -3.6
-5.3 -3.55
-5.3 -3.5
-5.3 -3.45
-5.3 -3.4
-5.3 -3.35
-5.3 -3.3
-5.3 -3.25
-5.3 -3.2
-5.3 -3.15
-5.3 -3.1
-5.3 -3.05
-5.3 -3.0
-5.3 -2.95
-5.3 -2.9
-5.3 -2.85
-5.3 -2.8
-5.3 -2.75
-5.3 -2.7
-5.3 -2.65
-5.3 -2.6
-5.3 -2.55
-5.3 -2.5
-5.3 -2.45
-5.3 -2.4
-5.3 -2.35
-5.3 -2.3
-5.3 -2.25
-5.3 -2.2
-5.25 -2.15
-5.2 -2.1
-5.15 -2.05
-5.1 -2.0
-5.05 -1.95
-5.0 -1.9
-4.95 -1.85
-4.9 -1.85
-4.85 -1.8
-4.8 -1.75
-4.75 -1.75
-4.7 -1.75
-4.65 -1.75
-4.6 -1.75
-4.55 -1.75
-4.5 -1.75
-4.45 -1.75
-4.4 -1.75
-4.35 -1.75
-4.3 -1.75
-4.25 -1.75
-4.2 -1.75
-4.15 -1.75
-4.1 -1.75
-4.05 -1.75
-4.0 -1.75
-3.95 -1.75
-3.9 -1.75
-3.85 -1.75
-3.8 -1.75
-3.75 -1.75
-3.7 -1.75
-3.65 -1.75
-3.6 -1.75
-3.55 -1.75
-3.5 -1.75
-3.45 -1.75
-3.4 -1.75
-3.35 -1.75
-3.3 -1.75
-3.25 -1.75
-3.2 -1.75
-3.15 -1.75
-3.1 -1.75
-3.05 -1.75
-3.0 -1.75
-2.95 -1.75
-2.9 -1.75
-2.85 -1.75
-2.8 -1.75
-2.75 -1.75
-2.7 -1.75
-2.65 -1.75
-2.6 -1.75
-2.55 -1.75
-2.5 -1.75
-2.45 -1.75
-2.4 -1.75
-2.35 -1.75
-2.3 -1.75
-2.25 -1.75
-2.2 -1.75
-2.15 -1.75
-2.1 -1.75
-2.05 -1.75
-2.0 -1.75
-1.95 -1.75
-1.9 -1.75
-1.85 -1.75
-1.8 -1.75
-1.75 -1.75
-1.7 -1.75
-1.65 -1.75
-1.6 -1.75
-1.55 -1.75
-1.5 -1.75
-1.45 -1.75
-1.4 -1.75
-1.35 -1.75
-1.3 -1.75
-1.25 -1.75
-1.2 -1.75
-1.15 -1.75
-1.1 -1.75
-1.05 -1.75
-1.0 -1.75
