8.964 7.927
8.877 7.841
8.791 7.841
8.705 7.841
8.618 7.841
8.532 7.841
8.445 7.841
8.359 7.841
8.273 7.841
8.186 7.841
8.1 7.755
8.014 7.668
7.927 7.582
7.841 7.495
7.755 7.409
7.668 7.323
7.582 7.236
7.495 7.15
7.409 7.064
7.323 6.977
7.236 6.891
7.15 6.805
7.064 6.718
6.977 6.632
6.891 6.545
6.805 6.459
6.718 6.373
6.632 6.286
6.545 6.2
6.459 6.114
6.373 6.027
6.286 5.941
6.2 5.855
6.114 5.768
6.027 5.682
5.941 5.595
5.855 5.509
5.768 5.423
5.682 5.336
5.595 5.25
5.509 5.164
5.423 5.077
5.336 4.991
5.25 4.905
5.164 4.818
5.077 4.732
4.991 4.645
4.905 4.559
4.818 4.473
4.732 4.386
4.645 4.3
4.559 4.214
4.473 4.127
4.386 4.041
4.3 3.955
4.214 3.868
4.127 3.782
4.041 3.695
3.955 3.609
3.868 3.523
3.782 3.436
3.695 3.35
3.609 3.264
3.523 3.177
3.436 3.091
3.35 3.005
3.264 2.918
3.177 2.832
3.091 2.745
3.005 2.659
2.918 2.573
2.832 2.486
2.745 2.4
2.659 2.314
2.573 2.227
2.486 2.141
2.4 2.055
2.314 1.968
2.314 1.882
2.314 1.795
2.314 1.709
2.314 1.623
2.314 1.536
2.314 1.45
2.314 1.364
2.314 1.277
2.314 1.191
2.314 1.105
2.314 1.018
2.314 0.932
2.314 0.845
2.314 0.759
2.314 0.673
2.314 0.586
2.314 0.5
2.314 0.414
2.314 0.327
2.314 0.241
2.314 0.155
2.314 0.068
2.314 -0.018
2.314 -0.105
2.314 -0.191
2.314 -0.277
2.314 -0.364
2.314 -0.45
2.314 -0.536
2.314 -0.623
2.314 -0.709
2.314 -0.795
2.314 -0.882
2.314 -0.968
2.314 -1.055
2.314 -1.141
2.314 -1.227
2.314 -1.314
2.314 -1.4
2.314 -1.486
2.314 -1.573
2.314 -1.659
2.314 -1.745
2.314 -1.832
2.314 -1.918
2.314 -2.005
2.314 -2.091
2.314 -2.177
2.314 -2.264
2.227 -2.264
2.141 -2.264
2.055 -2.264
1.968 -2.264
1.882 -2.264
1.795 -2.264
1.709 -2.264
1.623 -2.264
1.536 -2.264
1.45 -2.264
1.364 -2.264
1.277 -2.264
1.191 -2.264
1.105 -2.264
1.018 -2.264
0.932 -2.264
0.845 -2.264
0.759 -2.264
0.673 -2.264
0.586 -2.264
0.5 -2.264
0.414 -2.264
0.327 -2.264
0.241 -2.264
0.155 -2.264
0.068 -2.264
-0.018 -2.264
-0.105 -2.264
-0.191 -2.264
-0.277 -2.264
-0.364 -2.264
-0.45 -2.35
-0.536 -2.436
-0.623 -2.523
-0.709 -2.609
-0.795 -2.609
-0.882 -2.609
-0.968 -2.609
-1.055 -2.695
-1.141 -2.782
-1.227 -2.868
-1.314 -2.955
-1.4 -2.955
-1.486 -2.955
-1.573 -2.955
-1.659 -2.955
-1.745 -2.955
-1.832 -2.955
-1.918 -2.955
-2.005 -2.955
-2.091 -2.955
-2.177 -2.955
-2.264 -2.955
-2.35 -2.955
-2.436 -2.955
-2.523 -2.955
-2.609 -2.955
-2.695 -2.955
-2.782 -2.955
-2.868 -3.041
-2.955 -3.127
-3.041 -3.214
-3.127 -3.3
-3.214 -3.386
-3.3 -3.473
-3.386 -3.559
-3.473 -3.559
-3.559 -3.559
-3.645 -3.645
-3.732 -3.732
-3.818 -3.818
-3.905 -3.905
-3.991 -3.991
