7.927 7.927
7.841 7.841
7.755 7.841
7.668 7.841
7.582 7.841
7.495 7.841
7.409 7.755
7.323 7.755
7.236 7.755
7.15 7.668
7.064 7.582
6.977 7.495
6.891 7.409
6.805 7.409
6.718 7.409
6.632 7.323
6.545 7.236
6.459 7.15
6.373 7.064
6.286 6.977
6.2 6.891
6.114 6.805
6.027 6.718
5.941 6.632
5.855 6.545
5.768 6.459
5.682 6.373
5.595 6.286
5.509 6.2
5.423 6.114
5.336 6.027
5.25 6.027
5.164 6.027
5.077 6.027
4.991 5.941
4.905 5.941
4.818 5.941
4.732 5.941
4.645 5.941
4.559 5.855
4.473 5.855
4.386 5.768
4.3 5.682
4.214 5.682
4.127 5.682
4.041 5.682
3.955 5.682
3.868 5.682
3.782 5.682
3.695 5.682
3.609 5.768
3.523 5.855
3.436 5.941
3.35 6.027
3.264 6.114
3.177 6.2
3.091 6.286
3.005 6.373
2.918 6.459
2.832 6.545
2.745 6.632
2.659 6.718
2.573 6.805
2.486 6.891
2.4 6.977
2.4 7.064
2.4 7.15
2.314 7.236
2.314 7.323
2.227 7.323
2.141 7.323
2.055 7.323
1.968 7.323
1.882 7.323
1.795 7.323
1.709 7.323
1.623 7.236
1.536 7.15
1.45 7.064
1.364 6.977
1.277 6.891
1.191 6.805
1.105 6.718
1.018 6.632
0.932 6.632
0.845 6.632
0.759 6.632
0.673 6.545
0.586 6.459
0.5 6.459
0.414 6.373
0.327 6.286
0.241 6.2
0.155 6.114
0.068 6.114
-0.018 6.114
-0.105 6.114
-0.191 6.114
-0.277 6.027
-0.364 5.941
-0.45 5.855
-0.536 5.768
-0.623 5.682
-0.709 5.595
-0.795 5.509
-0.882 5.423
-0.968 5.336
-1.055 5.336
-1.141 5.25
-1.227 5.164
-1.314 5.077
-1.4 4.991
-1.486 4.905
-1.573 4.818
-1.659 4.732
-1.745 4.732
-1.832 4.732
-1.918 4.732
-2.005 4.732
-2.091 4.732
-2.177 4.732
-2.264 4.732
-2.35 4.732
-2.436 4.818
-2.523 4.905
-2.609 4.905
-2.695 4.905
-2.782 4.905
-2.868 4.905
-2.955 4.905
-3.041 4.905
-3.127 4.991
-3.214 5.077
-3.3 5.077
-3.386 5.077
-3.473 5.164
-3.559 5.25
-3.645 5.336
-3.732 5.336
-3.818 5.423
-3.905 5.423
-3.991 5.509
-4.077 5.509
-4.164 5.509
-4.25 5.509
-4.336 5.509
-4.423 5.509
-4.509 5.509
-4.595 5.509
-4.682 5.509
-4.768 5.509
-4.855 5.509
-4.941 5.509
-5.027 5.509
-5.114 5.595
-5.2 5.595
-5.286 5.682
-5.373 5.768
-5.459 5.768
-5.545 5.768
-5.632 5.768
-5.718 5.768
-5.805 5.855
-5.891 5.941
-5.977 6.027
