7.927 3.955
7.841 3.868
7.755 3.782
7.668 3.695
7.582 3.609
7.495 3.523
7.409 3.436
7.323 3.35
7.236 3.264
7.15 3.177
7.064 3.091
6.977 3.005
6.891 2.918
6.805 2.832
6.718 2.745
6.632 2.659
6.545 2.573
6.545 2.486
6.545 2.4
6.545 2.314
6.545 2.227
6.545 2.141
6.545 2.055
6.545 1.968
6.545 1.882
6.459 1.795
6.459 1.709
6.459 1.623
6.459 1.536
6.373 1.45
6.373 1.364
6.373 1.277
6.373 1.191
6.373 1.105
6.286 1.018
6.286 0.932
6.286 0.845
6.286 0.759
6.2 0.673
6.114 0.586
6.114 0.5
6.027 0.414
6.027 0.327
5.941 0.241
5.855 0.155
5.855 0.068
5.855 -0.018
5.855 -0.105
5.855 -0.191
5.768 -0.277
5.768 -0.364
5.682 -0.45
5.595 -0.536
5.509 -0.623
5.509 -0.709
5.509 -0.795
5.509 -0.882
5.423 -0.968
5.336 -1.055
5.336 -1.141
5.336 -1.227
5.336 -1.314
5.336 -1.4
5.336 -1.486
5.336 -1.573
5.336 -1.659
5.336 -1.745
5.336 -1.832
5.336 -1.918
5.336 -2.005
5.336 -2.091
5.336 -2.177
5.336 -2.264
5.336 -2.35
5.25 -2.436
5.25 -2.523
5.164 -2.609
5.164 -2.695
5.077 -2.782
5.077 -2.868
4.991 -2.955
4.991 -3.041
4.991 -3.127
4.905 -3.214
4.818 -3.3
4.818 -3.386
4.732 -3.473
4.732 -3.559
4.645 -3.645
4.645 -3.732
4.559 -3.818
4.559 -3.905
4.473 -3.991
4.473 -4.077
4.386 -4.164
4.386 -4.25
4.3 -4.336
4.214 -4.336
4.127 -4.336
4.041 -4.336
3.955 -4.336
3.868 -4.336
3.782 -4.336
3.695 -4.336
3.609 -4.25
3.523 -4.25
3.436 -4.25
3.35 -4.25
3.264 -4.25
3.177 -4.25
3.091 -4.164
3.005 -4.077
2.918 -4.077
2.832 -4.077
2.745 -4.077
2.659 -4.077
2.573 -4.077
2.486 -4.077
2.4 -4.077
2.314 -4.077
2.227 -4.077
2.141 -4.077
2.055 -4.077
1.968 -4.077
1.882 -4.077
1.795 -4.077
1.709 -4.077
1.623 -4.077
1.536 -4.077
1.45 -4.077
1.364 -4.077
1.277 -4.077
1.191 -4.077
1.105 -4.077
1.018 -4.077
0.932 -4.077
0.845 -4.077
0.759 -4.077
0.673 -4.077
0.586 -4.077
0.5 -4.077
0.414 -4.077
0.327 -4.077
0.241 -4.077
0.155 -4.077
0.068 -4.077
-0.018 -4.077
-0.105 -4.077
-0.191 -4.077
-0.277 -4.077
-0.364 -4.077
-0.45 -4.077
-0.536 -4.077
-0.623 -4.077
-0.709 -4.077
-0.795 -4.077
-0.882 -4.077
-0.968 -4.077
-1.055 -4.077
-1.141 -4.077
-1.227 -3.991
-1.314 -3.991
-1.4 -3.991
-1.486 -3.991
-1.573 -3.991
-1.659 -3.991
-1.745 -3.991
-1.832 -3.991
-1.918 -3.991
-2.005 -3.991
-2.091 -3.991
-2.177 -3.991
-2.264 -3.991
-2.35 -3.991
-2.436 -3.991
-2.523 -3.991
-2.609 -3.991
-2.695 -3.991
-2.782 -3.991
-2.868 -3.991
-2.955 -3.991
-3.041 -3.991
-3.127 -3.991
-3.214 -3.991
-3.3 -3.991
-3.386 -3.991
-3.473 -3.991
-3.559 -3.991
-3.645 -3.991
-3.732 -3.991
-3.818 -3.991
-3.905 -3.991
-3.991 -3.991
-4.077 -3.991
-4.164 -3.991
-4.25 -3.991
-4.336 -3.991
-4.423 -3.991
-4.509 -3.991
-4.595 -3.991
-4.682 -3.991
-4.768 -3.991
-4.855 -3.991
-4.941 -3.991
