8.964 -0.018
8.877 -0.018
8.791 -0.105
8.705 -0.191
8.618 -0.277
8.532 -0.364
8.445 -0.45
8.359 -0.536
8.273 -0.623
8.186 -0.709
8.1 -0.795
8.014 -0.882
7.927 -0.968
7.841 -1.055
7.755 -1.141
7.668 -1.227
7.582 -1.314
7.495 -1.4
7.409 -1.486
7.323 -1.573
7.236 -1.659
7.15 -1.745
7.064 -1.832
6.977 -1.918
6.891 -2.005
6.805 -2.091
6.718 -2.177
6.632 -2.264
6.545 -2.35
6.459 -2.436
6.373 -2.436
6.286 -2.436
6.2 -2.523
6.114 -2.609
6.027 -2.609
5.941 -2.695
5.855 -2.782
5.768 -2.868
5.682 -2.955
5.595 -3.041
5.509 -3.127
5.423 -3.214
5.336 -3.3
5.25 -3.386
5.164 -3.473
5.077 -3.559
4.991 -3.645
4.905 -3.732
4.818 -3.818
4.732 -3.905
4.645 -3.991
4.559 -4.077
4.473 -4.164
4.386 -4.25
4.3 -4.336
4.214 -4.336
4.127 -4.336
4.041 -4.336
3.955 -4.336
3.868 -4.336
3.782 -4.336
3.695 -4.336
3.609 -4.25
3.523 -4.164
3.436 -4.077
3.35 -3.991
3.264 -3.905
3.177 -3.818
3.091 -3.732
3.005 -3.645
2.918 -3.559
2.832 -3.473
2.745 -3.386
2.659 -3.3
2.573 -3.214
2.486 -3.127
2.4 -3.041
2.314 -2.955
2.227 -2.868
2.141 -2.782
2.055 -2.695
1.968 -2.609
1.882 -2.523
1.795 -2.436
1.709 -2.35
1.623 -2.264
1.536 -2.177
1.45 -2.091
1.364 -2.005
1.277 -1.918
1.191 -1.832
1.105 -1.745
1.018 -1.659
0.932 -1.573
0.845 -1.486
0.759 -1.4
0.673 -1.314
0.586 -1.227
0.5 -1.141
0.414 -1.055
0.327 -0.968
0.327 -0.882
0.327 -0.795
0.327 -0.709
0.241 -0.709
0.155 -0.623
0.068 -0.623
-0.018 -0.623
-0.105 -0.623
-0.191 -0.623
-0.277 -0.623
-0.364 -0.623
-0.45 -0.536
-0.536 -0.45
-0.623 -0.45
-0.709 -0.45
-0.795 -0.45
-0.882 -0.45
-0.968 -0.45
-1.055 -0.45
-1.141 -0.45
-1.227 -0.45
-1.314 -0.45
-1.4 -0.45
-1.486 -0.364
-1.573 -0.277
-1.659 -0.277
-1.745 -0.191
-1.832 -0.105
-1.918 -0.018
