-5.977 0.932
-5.977 1.018
-5.977 1.105
-5.977 1.191
-5.977 1.277
-5.977 1.364
-5.977 1.45
-5.977 1.536
-5.977 1.623
-5.977 1.709
-5.977 1.795
-5.977 1.882
-5.977 1.968
-5.977 2.055
-5.977 2.141
-5.977 2.227
-5.977 2.314
-5.977 2.4
-5.977 2.486
-5.977 2.573
-5.977 2.659
-5.977 2.745
-5.977 2.832
-5.977 2.918
-5.977 3.005
-5.977 3.091
-5.977 3.177
-5.977 3.264
-5.977 3.35
-6.064 3.436
-6.064 3.523
-6.064 3.609
-6.064 3.695
-6.064 3.782
-6.15 3.868
-6.15 3.955
-6.15 4.041
-6.15 4.127
-6.15 4.214
-6.236 4.3
-6.236 4.386
-6.236 4.473
-6.236 4.559
-6.323 4.645
-6.323 4.732
-6.323 4.818
-6.323 4.905
-6.323 4.991
-6.323 5.077
-6.323 5.164
-6.323 5.25
-6.323 5.336
-6.236 5.336
-6.15 5.336
-6.064 5.336
-5.977 5.336
-5.891 5.336
-5.805 5.336
-5.718 5.336
-5.632 5.336
-5.545 5.25
-5.459 5.25
-5.373 5.25
-5.286 5.25
-5.2 5.25
-5.114 5.164
-5.027 5.164
-4.941 5.164
-4.855 5.164
-4.768 5.164
-4.682 5.164
-4.595 5.164
-4.509 5.164
-4.423 5.164
-4.336 5.164
-4.25 5.164
-4.164 5.164
-4.077 5.164
-3.991 5.164
-3.905 5.164
-3.818 5.164
-3.732 5.164
-3.645 5.164
-3.559 5.164
-3.473 5.164
-3.386 5.164
-3.3 5.164
-3.214 5.164
-3.127 5.164
-3.041 5.164
-2.955 5.164
-2.868 5.164
-2.782 5.164
-2.695 5.077
-2.609 4.991
-2.523 4.905
-2.436 4.905
-2.35 4.818
-2.264 4.818
-2.177 4.732
-2.091 4.645
-2.005 4.559
-1.918 4.473
-1.832 4.473
-1.745 4.473
-1.659 4.473
-1.573 4.473
-1.486 4.386
-1.4 4.3
-1.314 4.214
-1.227 4.127
-1.141 4.041
-1.055 3.955
-0.968 3.868
-0.882 3.782
-0.795 3.782
-0.709 3.782
-0.623 3.782
-0.536 3.782
-0.45 3.782
-0.364 3.695
-0.277 3.695
-0.191 3.695
-0.105 3.695
-0.018 3.695
0.068 3.695
0.155 3.695
0.241 3.695
0.327 3.695
0.414 3.695
0.5 3.695
0.586 3.782
0.673 3.868
0.759 3.955
0.845 4.041
0.932 4.127
1.018 4.214
1.105 4.3
1.191 4.386
1.277 4.473
1.364 4.559
1.45 4.645
1.536 4.732
1.623 4.818
1.709 4.905
1.795 4.991
1.882 5.077
1.968 5.164
2.055 5.25
2.141 5.336
2.227 5.423
2.314 5.509
2.4 5.595
2.486 5.682
2.573 5.768
2.659 5.855
2.745 5.941
2.832 6.027
2.918 6.114
3.005 6.2
3.091 6.286
3.177 6.373
3.264 6.459
3.35 6.545
3.436 6.632
3.523 6.632
3.609 6.718
3.695 6.805
3.782 6.891
3.868 6.891
3.955 6.977
4.041 7.064
4.127 7.15
4.214 7.236
4.3 7.323
4.386 7.409
4.473 7.495
4.559 7.582
4.645 7.582
4.732 7.668
4.818 7.755
4.905 7.841
4.991 7.927
5.077 7.927
5.164 8.014
5.25 8.1
5.336 8.186
5.423 8.186
5.509 8.186
5.595 8.273
5.682 8.273
5.768 8.273
5.855 8.273
5.941 8.273
6.027 8.273
6.114 8.273
6.2 8.273
6.286 8.273
6.373 8.273
6.459 8.273
6.545 8.273
6.632 8.273
6.718 8.273
6.805 8.273
6.891 8.273
6.977 8.273
7.064 8.273
7.15 8.273
7.236 8.273
7.323 8.273
7.323 8.186
7.323 8.1
7.323 8.014
7.323 7.927
7.323 7.841
7.323 7.755
7.323 7.668
7.323 7.582
7.236 7.495
7.15 7.409
7.15 7.323
7.064 7.236
6.977 7.15
6.891 7.064
6.805 6.977
6.805 6.891
6.805 6.805
6.718 6.718
6.632 6.632
6.545 6.545
6.459 6.459
6.373 6.373
6.286 6.286
6.2 6.2
6.114 6.114
6.027 6.027
5.941 5.941
5.855 5.855
5.768 5.768
5.768 5.682
5.768 5.595
5.768 5.509
5.682 5.423
5.682 5.336
5.682 5.25
5.682 5.164
5.682 5.077
5.682 4.991
5.682 4.905
5.682 4.818
5.682 4.732
5.682 4.645
5.682 4.559
5.682 4.473
5.682 4.386
5.768 4.3
5.855 4.214
5.941 4.127
6.027 4.041
6.114 3.955
6.2 3.868
6.286 3.782
6.286 3.695
6.373 3.609
6.459 3.523
6.545 3.436
6.632 3.35
6.632 3.264
6.718 3.177
6.805 3.091
6.891 3.005
6.977 2.918
7.064 2.832
7.15 2.745
7.236 2.659
7.323 2.573
7.409 2.486
7.495 2.4
7.582 2.314
7.582 2.227
7.668 2.141
7.755 2.055
7.841 1.968
7.927 1.882
7.927 1.795
8.014 1.709
8.1 1.623
8.186 1.536
8.186 1.45
8.273 1.364
8.273 1.277
8.273 1.191
8.273 1.105
8.273 1.018
8.273 0.932
8.273 0.845
8.273 0.759
8.273 0.673
8.273 0.586
8.273 0.5
8.273 0.414
8.273 0.327
8.273 0.241
8.273 0.155
8.273 0.068
8.273 -0.018
8.273 -0.105
8.273 -0.191
8.273 -0.277
8.186 -0.277
8.1 -0.277
8.014 -0.277
7.927 -0.277
7.841 -0.277
7.755 -0.277
7.668 -0.277
7.582 -0.277
7.495 -0.191
7.409 -0.191
7.323 -0.105
7.236 -0.018
7.15 0.068
7.064 0.155
6.977 0.155
6.891 0.155
6.805 0.155
6.718 0.155
6.632 0.241
6.545 0.327
6.459 0.414
6.373 0.5
6.286 0.586
6.2 0.673
6.114 0.759
6.027 0.845
5.941 0.932
