1.968 8.964
1.882 8.877
1.795 8.791
1.709 8.705
1.623 8.618
1.536 8.618
1.45 8.618
1.364 8.618
1.277 8.618
1.191 8.618
1.105 8.618
1.018 8.532
0.932 8.532
0.845 8.532
0.759 8.532
0.673 8.445
0.586 8.445
0.5 8.445
0.414 8.445
0.327 8.445
0.241 8.359
0.155 8.359
0.068 8.359
-0.018 8.359
-0.105 8.359
-0.191 8.273
-0.277 8.273
-0.364 8.273
-0.45 8.273
-0.536 8.273
-0.623 8.273
-0.709 8.273
-0.795 8.273
-0.882 8.273
-0.968 8.273
-1.055 8.273
-1.141 8.273
-1.227 8.273
-1.314 8.273
-1.4 8.273
-1.486 8.273
-1.573 8.273
-1.659 8.273
-1.745 8.273
-1.832 8.273
-1.918 8.273
-2.005 8.273
-2.091 8.273
-2.177 8.273
-2.264 8.273
-2.35 8.273
-2.436 8.273
-2.523 8.273
-2.609 8.273
-2.695 8.273
-2.782 8.273
-2.868 8.273
-2.955 8.273
-3.041 8.273
-3.127 8.273
-3.214 8.273
-3.3 8.273
-3.386 8.273
-3.473 8.273
-3.559 8.273
-3.645 8.273
-3.732 8.273
-3.818 8.273
-3.905 8.273
-3.991 8.273
-4.077 8.273
-4.164 8.273
-4.25 8.273
-4.336 8.273
-4.423 8.186
-4.509 8.1
-4.595 8.014
-4.682 7.927
-4.768 7.841
-4.855 7.755
-4.941 7.668
-5.027 7.582
-5.114 7.495
-5.2 7.409
-5.286 7.323
-5.373 7.236
-5.459 7.15
-5.545 7.064
-5.545 6.977
-5.632 6.891
-5.632 6.805
-5.632 6.718
-5.632 6.632
-5.632 6.545
-5.632 6.459
-5.632 6.373
-5.632 6.286
-5.632 6.2
-5.632 6.114
-5.632 6.027
-5.718 5.941
-5.805 5.855
-5.891 5.768
-5.977 5.682
-6.064 5.595
-6.15 5.509
-6.236 5.423
-6.323 5.336
-6.323 5.25
-6.323 5.164
-6.323 5.077
-6.323 4.991
-6.323 4.905
-6.323 4.818
-6.323 4.732
-6.323 4.645
-6.236 4.559
-6.236 4.473
-6.236 4.386
-6.236 4.3
-6.15 4.214
-6.064 4.127
-6.064 4.041
-6.064 3.955
-6.064 3.868
-6.064 3.782
-6.064 3.695
-6.064 3.609
-6.064 3.523
-6.064 3.436
-6.064 3.35
-6.064 3.264
-6.064 3.177
-6.064 3.091
-6.064 3.005
-6.064 2.918
-6.064 2.832
-6.064 2.745
-6.064 2.659
-6.064 2.573
-6.064 2.486
-6.064 2.4
-6.064 2.314
-6.064 2.227
-6.064 2.141
-6.064 2.055
-6.064 1.968
-6.064 1.882
-6.064 1.795
-6.064 1.709
-6.064 1.623
-6.064 1.536
-6.064 1.45
-6.064 1.364
-6.064 1.277
-6.064 1.191
-6.064 1.105
-6.064 1.018
-6.064 0.932
-6.064 0.845
-5.977 0.759
-5.891 0.673
-5.805 0.586
-5.805 0.5
-5.805 0.414
-5.718 0.327
-5.632 0.241
-5.545 0.155
-5.545 0.068
-5.545 -0.018
-5.545 -0.105
-5.545 -0.191
-5.459 -0.277
-5.373 -0.364
-5.373 -0.45
-5.286 -0.536
-5.286 -0.623
-5.286 -0.709
-5.286 -0.795
-5.286 -0.882
-5.286 -0.968
-5.286 -1.055
-5.286 -1.141
-5.286 -1.227
-5.286 -1.314
-5.286 -1.4
-5.286 -1.486
-5.286 -1.573
-5.286 -1.659
-5.286 -1.745
-5.286 -1.832
-5.286 -1.918
-5.286 -2.005
-5.286 -2.091
-5.286 -2.177
-5.286 -2.264
-5.286 -2.35
-5.286 -2.436
-5.2 -2.523
-5.114 -2.609
-5.114 -2.695
-5.114 -2.782
-5.114 -2.868
-5.114 -2.955
-5.114 -3.041
-5.114 -3.127
-5.027 -3.214
-5.027 -3.3
-4.941 -3.386
-4.855 -3.473
-4.768 -3.559
-4.768 -3.645
-4.768 -3.732
-4.768 -3.818
-4.768 -3.905
-4.682 -3.991
-4.595 -4.077
-4.595 -4.164
-4.595 -4.25
-4.595 -4.336
-4.595 -4.423
-4.595 -4.509
-4.509 -4.595
-4.509 -4.682
-4.509 -4.768
-4.509 -4.855
-4.509 -4.941
-4.509 -5.027
-4.423 -5.114
-4.423 -5.2
-4.423 -5.286
-4.336 -5.373
-4.25 -5.459
-4.164 -5.545
-4.164 -5.632
-4.164 -5.718
-4.077 -5.805
-3.991 -5.891
-3.991 -5.977
