6.977 -7.964
6.891 -7.964
6.805 -7.964
6.718 -7.964
6.632 -7.964
6.545 -7.964
6.459 -7.964
6.373 -7.964
6.286 -7.964
6.2 -7.877
6.114 -7.877
6.027 -7.877
5.941 -7.877
5.855 -7.877
5.768 -7.877
5.682 -7.877
5.595 -7.877
5.509 -7.877
5.423 -7.877
5.336 -7.791
5.25 -7.791
5.164 -7.791
5.077 -7.791
4.991 -7.705
4.905 -7.705
4.818 -7.705
4.732 -7.705
4.645 -7.705
4.559 -7.618
4.473 -7.618
4.386 -7.618
4.3 -7.618
4.214 -7.618
4.127 -7.618
4.041 -7.618
3.955 -7.618
3.868 -7.618
3.782 -7.532
3.695 -7.532
3.609 -7.532
3.523 -7.532
3.436 -7.532
3.35 -7.532
3.264 -7.532
3.177 -7.532
3.091 -7.532
3.005 -7.445
2.918 -7.445
2.832 -7.445
2.745 -7.445
2.659 -7.445
2.573 -7.359
2.486 -7.359
2.4 -7.359
2.314 -7.359
2.227 -7.359
2.141 -7.359
2.055 -7.359
1.968 -7.359
1.882 -7.359
1.795 -7.273
1.709 -7.273
1.623 -7.273
1.536 -7.273
1.45 -7.273
1.364 -7.273
1.277 -7.273
1.191 -7.273
1.105 -7.273
1.018 -7.273
0.932 -7.273
0.845 -7.273
0.759 -7.273
0.673 -7.273
0.673 -7.186
0.673 -7.1
0.673 -7.014
0.673 -6.927
0.673 -6.841
0.586 -6.755
0.5 -6.668
0.5 -6.582
0.5 -6.495
0.5 -6.409
0.5 -6.323
0.5 -6.236
0.5 -6.15
0.5 -6.064
0.414 -5.977
0.414 -5.891
0.414 -5.805
0.414 -5.718
0.414 -5.632
0.414 -5.545
0.414 -5.459
0.414 -5.373
0.414 -5.286
0.414 -5.2
0.414 -5.114
0.414 -5.027
0.414 -4.941
0.414 -4.855
0.414 -4.768
0.414 -4.682
0.414 -4.595
0.414 -4.509
0.414 -4.423
0.414 -4.336
0.414 -4.25
0.414 -4.164
0.414 -4.077
0.414 -3.991
0.414 -3.905
0.327 -3.818
0.327 -3.732
0.327 -3.645
0.327 -3.559
0.327 -3.473
0.327 -3.386
0.327 -3.3
0.327 -3.214
0.327 -3.127
0.327 -3.041
0.327 -2.955
0.327 -2.868
0.327 -2.782
0.327 -2.695
0.327 -2.609
0.327 -2.523
0.327 -2.436
0.327 -2.35
0.327 -2.264
0.327 -2.177
0.327 -2.091
0.327 -2.005
0.327 -1.918
0.327 -1.832
0.327 -1.745
0.327 -1.659
0.327 -1.573
0.327 -1.486
0.327 -1.4
0.327 -1.314
0.327 -1.227
0.327 -1.141
0.327 -1.055
0.327 -0.968
0.327 -0.882
0.327 -0.795
0.327 -0.709
0.241 -0.623
0.155 -0.536
0.068 -0.536
-0.018 -0.536
-0.105 -0.536
-0.191 -0.45
-0.277 -0.45
-0.364 -0.364
-0.45 -0.364
-0.536 -0.277
-0.623 -0.277
-0.709 -0.191
-0.795 -0.191
-0.882 -0.191
-0.968 -0.105
-1.055 -0.105
-1.141 -0.105
-1.227 -0.105
-1.314 -0.105
-1.4 -0.105
-1.486 -0.105
-1.573 -0.105
-1.659 -0.105
-1.745 -0.105
-1.832 -0.105
-1.918 -0.105
-2.005 -0.105
-2.091 -0.105
-2.177 -0.105
-2.264 -0.105
-2.35 -0.018
-2.436 -0.018
-2.523 0.068
-2.609 0.068
-2.695 0.155
-2.782 0.241
-2.868 0.327
-2.955 0.327
-3.041 0.327
-3.127 0.414
-3.214 0.414
-3.3 0.5
-3.386 0.5
-3.473 0.586
-3.559 0.673
-3.645 0.673
-3.732 0.673
-3.818 0.673
-3.905 0.673
-3.991 0.673
-4.077 0.673
-4.164 0.673
-4.25 0.673
-4.336 0.673
-4.423 0.759
-4.509 0.845
-4.595 0.932
-4.682 1.018
-4.768 1.105
-4.855 1.191
-4.941 1.277
-4.941 1.364
-4.941 1.45
-4.941 1.536
-4.941 1.623
-4.941 1.709
-4.941 1.795
-4.941 1.882
-4.941 1.968
-4.941 2.055
-4.941 2.141
-4.941 2.227
-4.941 2.314
-4.941 2.4
-4.941 2.486
-4.941 2.573
-4.941 2.659
-4.941 2.745
-4.941 2.832
-4.941 2.918
-4.941 3.005
-4.941 3.091
-4.941 3.177
-4.941 3.264
-4.941 3.35
-4.941 3.436
-4.941 3.523
-4.941 3.609
-4.941 3.695
-4.941 3.782
-4.941 3.868
-4.941 3.955
-4.941 4.041
-4.941 4.127
-4.941 4.214
-4.941 4.3
-4.941 4.386
-4.941 4.473
-4.941 4.559
-4.941 4.645
-4.941 4.732
-4.941 4.818
-4.941 4.905
-4.941 4.991
-4.941 5.077
-4.941 5.164
-4.941 5.25
-4.941 5.336
-4.941 5.423
-4.941 5.509
-4.941 5.595
-4.941 5.682
-4.941 5.768
-4.941 5.855
-4.941 5.941
-4.941 6.027
-4.941 6.114
-4.941 6.2
-4.941 6.286
-4.941 6.373
-4.941 6.459
-4.941 6.545
-4.941 6.632
-4.941 6.718
-4.941 6.805
-4.941 6.891
-4.941 6.977
