-1.918 -7.964
-1.918 -7.877
-1.918 -7.791
-1.918 -7.705
-1.832 -7.618
-1.745 -7.532
-1.659 -7.445
-1.573 -7.359
-1.486 -7.273
-1.4 -7.186
-1.314 -7.1
-1.227 -7.014
-1.141 -6.927
-1.055 -6.841
-0.968 -6.755
-0.882 -6.668
-0.795 -6.582
-0.795 -6.495
-0.709 -6.409
-0.623 -6.323
-0.536 -6.236
-0.45 -6.15
-0.364 -6.064
-0.277 -5.977
-0.191 -5.891
-0.191 -5.805
-0.105 -5.718
-0.018 -5.632
0.068 -5.545
0.155 -5.459
0.241 -5.373
0.327 -5.286
0.327 -5.2
0.414 -5.114
0.5 -5.027
0.586 -4.941
0.586 -4.855
0.586 -4.768
0.586 -4.682
0.586 -4.595
0.673 -4.509
0.759 -4.423
0.845 -4.336
0.932 -4.25
1.018 -4.164
1.105 -4.077
1.105 -3.991
1.191 -3.905
1.277 -3.818
1.364 -3.732
1.45 -3.645
1.536 -3.559
1.623 -3.473
1.623 -3.386
1.623 -3.3
1.709 -3.214
1.795 -3.127
1.882 -3.041
1.968 -2.955
1.968 -2.868
2.055 -2.782
2.055 -2.695
2.141 -2.609
2.227 -2.523
2.227 -2.436
2.227 -2.35
2.314 -2.264
2.4 -2.177
2.486 -2.091
2.573 -2.005
2.573 -1.918
2.573 -1.832
2.659 -1.745
2.659 -1.659
2.659 -1.573
2.659 -1.486
2.659 -1.4
2.659 -1.314
2.659 -1.227
2.659 -1.141
2.659 -1.055
2.659 -0.968
2.659 -0.882
2.659 -0.795
2.659 -0.709
2.659 -0.623
2.659 -0.536
2.659 -0.45
2.659 -0.364
2.659 -0.277
2.659 -0.191
2.659 -0.105
2.659 -0.018
2.659 0.068
2.659 0.155
2.659 0.241
2.659 0.327
2.659 0.414
2.659 0.5
2.659 0.586
2.659 0.673
2.659 0.759
2.659 0.845
2.659 0.932
2.659 1.018
2.659 1.105
2.659 1.191
2.659 1.277
2.659 1.364
2.659 1.45
2.659 1.536
2.659 1.623
2.659 1.709
2.659 1.795
2.659 1.882
2.659 1.968
2.659 2.055
2.659 2.141
2.659 2.227
2.659 2.314
2.745 2.4
2.745 2.486
2.745 2.573
2.745 2.659
2.832 2.745
2.832 2.832
2.832 2.918
2.832 3.005
2.832 3.091
2.832 3.177
2.832 3.264
2.832 3.35
2.832 3.436
2.832 3.523
2.832 3.609
2.832 3.695
2.832 3.782
2.832 3.868
2.832 3.955
2.832 4.041
2.832 4.127
2.832 4.214
2.832 4.3
2.832 4.386
2.832 4.473
2.832 4.559
2.832 4.645
2.832 4.732
2.832 4.818
2.918 4.905
2.918 4.991
2.918 5.077
2.918 5.164
2.918 5.25
2.918 5.336
2.918 5.423
2.918 5.509
2.918 5.595
2.918 5.682
2.918 5.768
2.918 5.855
2.918 5.941
2.918 6.027
2.918 6.114
2.918 6.2
2.918 6.286
2.918 6.373
2.918 6.459
2.918 6.545
2.918 6.632
2.918 6.718
2.918 6.805
2.918 6.891
2.918 6.977
2.918 7.064
2.918 7.15
2.918 7.236
2.918 7.323
2.918 7.409
2.918 7.495
2.918 7.582
2.918 7.668
2.918 7.755
2.918 7.841
2.918 7.927
2.918 8.014
2.918 8.1
2.918 8.186
2.918 8.273
2.918 8.359
2.918 8.445
2.918 8.532
2.918 8.618
2.918 8.705
2.918 8.791
2.918 8.877
2.918 8.964
