4.991 1.018
5.077 1.105
5.077 1.191
5.077 1.277
5.077 1.364
5.164 1.45
5.25 1.536
5.25 1.623
5.336 1.709
5.423 1.795
5.509 1.882
5.595 1.968
5.682 2.055
5.768 2.141
5.855 2.227
5.941 2.314
6.027 2.4
6.114 2.486
6.114 2.573
6.2 2.659
6.2 2.745
6.2 2.832
6.2 2.918
6.286 3.005
6.373 3.091
6.459 3.177
6.545 3.264
6.632 3.35
6.718 3.436
6.718 3.523
6.805 3.609
6.891 3.695
6.977 3.782
7.064 3.868
7.15 3.955
7.236 4.041
7.323 4.127
7.323 4.214
7.409 4.3
7.409 4.386
7.409 4.473
7.409 4.559
7.495 4.645
7.495 4.732
7.495 4.818
7.495 4.905
7.495 4.991
7.582 5.077
7.582 5.164
7.582 5.25
7.582 5.336
7.668 5.423
7.668 5.509
7.668 5.595
7.668 5.682
7.668 5.768
7.755 5.855
7.841 5.941
7.927 6.027
7.927 6.114
8.014 6.2
8.1 6.286
8.1 6.373
8.186 6.459
8.273 6.545
8.273 6.632
8.273 6.718
8.273 6.805
8.273 6.891
8.273 6.977
8.273 7.064
8.273 7.15
8.273 7.236
8.273 7.323
8.186 7.323
8.1 7.323
8.014 7.323
7.927 7.323
7.841 7.323
7.755 7.323
7.668 7.323
7.582 7.236
7.495 7.15
7.409 7.15
7.323 7.064
7.236 6.977
7.15 6.891
7.064 6.805
6.977 6.718
6.891 6.632
6.805 6.545
6.718 6.459
6.632 6.373
6.545 6.373
6.459 6.373
6.373 6.373
6.286 6.373
6.2 6.373
6.114 6.373
6.027 6.373
5.941 6.373
5.855 6.373
5.768 6.286
5.682 6.286
5.595 6.286
5.509 6.286
5.423 6.286
5.336 6.2
5.25 6.2
5.164 6.2
5.077 6.2
4.991 6.2
4.905 6.114
4.818 6.027
4.732 5.941
4.645 5.855
4.559 5.768
4.473 5.768
4.386 5.768
4.3 5.682
4.214 5.682
4.127 5.682
4.041 5.682
3.955 5.682
3.868 5.682
3.782 5.682
3.695 5.682
3.609 5.768
3.523 5.855
3.436 5.941
3.436 6.027
3.436 6.114
3.436 6.2
3.35 6.286
3.264 6.373
3.177 6.459
3.091 6.545
3.005 6.632
2.918 6.718
2.832 6.805
2.745 6.891
2.659 6.977
2.573 7.064
2.486 7.15
2.4 7.236
2.314 7.323
2.227 7.323
2.141 7.323
2.055 7.323
1.968 7.323
1.882 7.323
1.795 7.323
1.709 7.323
1.623 7.236
1.536 7.15
1.45 7.064
1.364 6.977
1.277 6.891
1.191 6.891
1.105 6.891
1.018 6.891
0.932 6.805
0.845 6.718
0.759 6.632
0.673 6.545
0.586 6.459
0.5 6.373
0.414 6.286
0.327 6.2
0.241 6.114
0.155 6.027
0.068 5.941
-0.018 5.855
-0.105 5.768
-0.191 5.682
-0.277 5.595
-0.364 5.509
-0.45 5.423
-0.536 5.336
-0.623 5.25
-0.709 5.164
-0.795 5.077
-0.882 4.991
-0.968 4.905
-1.055 4.818
-1.141 4.732
-1.227 4.645
-1.314 4.559
-1.4 4.473
-1.486 4.386
-1.573 4.3
-1.659 4.214
-1.745 4.127
-1.832 4.041
-1.918 3.955
