6.977 -6.927
6.891 -6.927
6.805 -6.927
6.718 -6.927
6.632 -6.927
6.545 -6.927
6.459 -6.927
6.373 -6.927
6.286 -6.927
6.2 -6.927
6.114 -6.927
6.027 -6.927
5.941 -6.927
5.855 -6.927
5.768 -6.927
5.682 -6.927
5.595 -6.927
5.509 -6.927
5.423 -6.927
5.336 -6.927
5.25 -6.927
5.164 -6.927
5.077 -6.927
4.991 -6.927
4.905 -6.927
4.818 -6.927
4.732 -6.927
4.645 -6.927
4.559 -6.927
4.473 -6.927
4.386 -6.927
4.3 -6.927
4.214 -6.927
4.127 -6.927
4.041 -6.927
3.955 -6.927
3.868 -6.927
3.782 -6.927
3.695 -6.927
3.609 -6.927
3.523 -6.927
3.436 -6.927
3.35 -7.014
3.264 -7.014
3.177 -7.014
3.091 -7.014
3.005 -7.1
2.918 -7.1
2.832 -7.1
2.745 -7.1
2.659 -7.1
2.573 -7.1
2.486 -7.1
2.4 -7.1
2.314 -7.1
2.227 -7.186
2.141 -7.186
2.055 -7.186
1.968 -7.186
1.882 -7.186
1.795 -7.273
1.709 -7.273
1.623 -7.273
1.536 -7.273
1.45 -7.273
1.364 -7.273
1.277 -7.273
1.191 -7.273
1.105 -7.273
1.018 -7.273
0.932 -7.273
0.845 -7.273
0.759 -7.273
0.673 -7.273
0.673 -7.186
0.673 -7.1
0.673 -7.014
0.673 -6.927
0.673 -6.841
0.673 -6.755
0.673 -6.668
0.673 -6.582
0.673 -6.495
0.673 -6.409
0.673 -6.323
0.673 -6.236
0.673 -6.15
0.673 -6.064
0.673 -5.977
0.673 -5.891
0.673 -5.805
0.673 -5.718
0.586 -5.632
0.5 -5.545
0.5 -5.459
0.5 -5.373
0.5 -5.286
0.5 -5.2
0.5 -5.114
0.5 -5.027
0.414 -4.941
0.414 -4.855
0.327 -4.768
0.327 -4.682
0.327 -4.595
0.327 -4.509
0.327 -4.423
0.327 -4.336
0.327 -4.25
0.327 -4.164
0.327 -4.077
0.327 -3.991
0.327 -3.905
0.327 -3.818
0.327 -3.732
0.327 -3.645
0.327 -3.559
0.327 -3.473
0.327 -3.386
0.327 -3.3
0.327 -3.214
0.327 -3.127
0.327 -3.041
0.327 -2.955
0.327 -2.868
0.327 -2.782
0.327 -2.695
0.327 -2.609
0.327 -2.523
0.327 -2.436
0.327 -2.35
0.327 -2.264
0.327 -2.177
0.327 -2.091
0.327 -2.005
0.327 -1.918
0.327 -1.832
0.327 -1.745
0.327 -1.659
0.327 -1.573
0.327 -1.486
0.327 -1.4
0.327 -1.314
0.327 -1.227
0.327 -1.141
0.327 -1.055
0.327 -0.968
0.327 -0.882
0.327 -0.795
0.327 -0.709
0.241 -0.623
0.155 -0.536
0.068 -0.536
-0.018 -0.536
-0.105 -0.536
-0.191 -0.536
-0.277 -0.536
-0.364 -0.536
-0.45 -0.536
-0.536 -0.536
-0.623 -0.536
-0.709 -0.536
-0.795 -0.536
-0.882 -0.536
-0.968 -0.45
-1.055 -0.364
-1.141 -0.277
-1.227 -0.277
-1.314 -0.277
-1.4 -0.277
-1.486 -0.277
-1.573 -0.277
-1.659 -0.277
-1.745 -0.277
-1.832 -0.277
-1.918 -0.277
-2.005 -0.191
-2.091 -0.191
-2.177 -0.191
-2.264 -0.105
-2.35 -0.105
-2.436 -0.105
-2.523 -0.018
-2.609 0.068
-2.695 0.155
-2.782 0.241
-2.868 0.327
-2.955 0.414
-3.041 0.414
-3.127 0.5
-3.214 0.5
-3.3 0.5
-3.386 0.5
-3.473 0.586
-3.559 0.586
-3.645 0.586
-3.732 0.673
-3.818 0.673
-3.905 0.673
-3.991 0.673
-4.077 0.673
-4.164 0.673
-4.25 0.673
-4.336 0.673
-4.423 0.759
-4.509 0.845
-4.595 0.932
-4.595 1.018
-4.595 1.105
-4.682 1.191
-4.682 1.277
-4.682 1.364
-4.682 1.45
-4.768 1.536
-4.768 1.623
-4.855 1.709
-4.941 1.795
-5.027 1.882
-5.027 1.968
-5.027 2.055
-5.027 2.141
-5.114 2.227
-5.114 2.314
-5.114 2.4
-5.114 2.486
-5.114 2.573
-5.2 2.659
-5.286 2.745
-5.373 2.832
-5.459 2.918
-5.459 3.005
-5.459 3.091
-5.459 3.177
-5.459 3.264
-5.545 3.35
-5.632 3.436
-5.718 3.523
-5.805 3.609
-5.891 3.695
-5.977 3.782
-5.977 3.868
-5.977 3.955
-5.977 4.041
-5.977 4.127
-5.977 4.214
-6.064 4.3
-6.15 4.386
-6.236 4.473
-6.236 4.559
-6.323 4.645
-6.323 4.732
-6.323 4.818
-6.323 4.905
-6.323 4.991
-6.409 5.077
-6.409 5.164
-6.495 5.25
-6.582 5.336
-6.582 5.423
-6.582 5.509
-6.582 5.595
-6.582 5.682
-6.668 5.768
-6.755 5.855
-6.755 5.941
-6.755 6.027
-6.755 6.114
-6.755 6.2
-6.841 6.286
-6.841 6.373
-6.841 6.459
-6.841 6.545
-6.927 6.632
-6.927 6.718
-6.927 6.805
-6.927 6.891
-6.927 6.977
