5.941 -2.955
5.855 -2.955
5.768 -3.041
5.682 -3.127
5.595 -3.214
5.509 -3.3
5.423 -3.386
5.336 -3.473
5.25 -3.559
5.164 -3.645
5.077 -3.732
4.991 -3.818
4.905 -3.905
4.818 -3.991
4.732 -4.077
4.645 -4.164
4.559 -4.25
4.473 -4.336
4.386 -4.336
4.3 -4.336
4.214 -4.336
4.127 -4.336
4.041 -4.336
3.955 -4.336
3.868 -4.336
3.782 -4.336
3.695 -4.336
3.609 -4.25
3.609 -4.164
3.609 -4.077
3.609 -3.991
3.523 -3.905
3.523 -3.818
3.436 -3.732
3.436 -3.645
3.436 -3.559
3.436 -3.473
3.436 -3.386
3.436 -3.3
3.436 -3.214
3.436 -3.127
3.436 -3.041
3.436 -2.955
3.436 -2.868
3.436 -2.782
3.436 -2.695
3.436 -2.609
3.35 -2.523
3.35 -2.436
3.264 -2.35
3.264 -2.264
3.264 -2.177
3.264 -2.091
3.264 -2.005
3.177 -1.918
3.177 -1.832
3.177 -1.745
3.177 -1.659
3.091 -1.573
3.091 -1.486
3.005 -1.4
2.918 -1.314
2.918 -1.227
2.918 -1.141
2.918 -1.055
2.918 -0.968
2.832 -0.882
2.832 -0.795
2.832 -0.709
2.832 -0.623
2.832 -0.536
2.745 -0.45
2.745 -0.364
2.745 -0.277
2.745 -0.191
2.745 -0.105
2.745 -0.018
2.745 0.068
2.745 0.155
2.745 0.241
2.745 0.327
2.745 0.414
2.745 0.5
2.745 0.586
2.745 0.673
2.659 0.759
2.659 0.845
2.659 0.932
2.659 1.018
2.659 1.105
2.659 1.191
2.659 1.277
2.659 1.364
2.659 1.45
2.659 1.536
2.659 1.623
2.659 1.709
2.659 1.795
2.659 1.882
2.659 1.968
2.659 2.055
2.659 2.141
2.659 2.227
2.659 2.314
2.659 2.4
2.659 2.486
2.659 2.573
2.659 2.659
2.659 2.745
2.659 2.832
2.659 2.918
2.659 3.005
2.573 3.091
2.486 3.177
2.486 3.264
2.486 3.35
2.486 3.436
2.486 3.523
2.486 3.609
2.486 3.695
2.486 3.782
2.486 3.868
2.486 3.955
2.486 4.041
2.486 4.127
2.486 4.214
2.486 4.3
2.486 4.386
2.486 4.473
2.486 4.559
2.4 4.645
2.4 4.732
2.4 4.818
2.4 4.905
2.4 4.991
2.4 5.077
2.4 5.164
2.4 5.25
2.4 5.336
2.4 5.423
2.4 5.509
2.4 5.595
2.4 5.682
2.4 5.768
2.4 5.855
2.4 5.941
2.4 6.027
2.4 6.114
2.4 6.2
2.4 6.286
2.4 6.373
2.4 6.459
2.4 6.545
2.4 6.632
2.4 6.718
2.4 6.805
2.4 6.891
2.4 6.977
2.4 7.064
2.4 7.15
2.314 7.236
2.314 7.323
2.227 7.323
2.141 7.323
2.055 7.323
1.968 7.323
1.882 7.323
1.795 7.323
1.709 7.323
1.623 7.323
1.536 7.323
1.45 7.323
1.364 7.323
1.277 7.323
1.191 7.236
1.105 7.15
1.018 7.064
0.932 7.064
0.845 7.064
0.759 6.977
0.673 6.977
0.586 6.977
0.5 6.977
0.414 6.977
0.327 6.977
0.241 6.977
0.155 6.977
0.068 6.977
