5.077 -1.918
4.991 -1.832
4.905 -1.745
4.818 -1.659
4.732 -1.573
4.645 -1.486
4.559 -1.4
4.473 -1.314
4.386 -1.227
4.3 -1.141
4.214 -1.055
4.127 -0.968
4.041 -0.882
3.955 -0.795
3.868 -0.709
3.782 -0.623
3.695 -0.536
3.609 -0.45
3.523 -0.364
3.436 -0.277
3.35 -0.191
3.264 -0.105
3.264 -0.018
3.177 0.068
3.091 0.155
3.005 0.241
2.918 0.327
2.832 0.414
2.745 0.5
2.659 0.586
2.573 0.673
2.486 0.759
2.4 0.845
2.314 0.932
2.227 1.018
2.141 1.105
2.055 1.191
1.968 1.277
1.882 1.364
1.795 1.45
1.709 1.536
1.709 1.623
1.709 1.709
1.709 1.795
1.709 1.882
1.709 1.968
1.709 2.055
1.709 2.141
1.709 2.227
1.709 2.314
1.795 2.314
1.882 2.4
1.968 2.4
2.055 2.4
2.141 2.4
2.227 2.4
2.314 2.486
2.4 2.486
2.486 2.486
2.573 2.486
2.659 2.573
2.745 2.659
2.832 2.659
2.918 2.659
3.005 2.659
3.091 2.745
3.177 2.832
3.264 2.832
3.35 2.832
3.436 2.832
3.523 2.832
3.609 2.832
3.695 2.832
3.782 2.832
3.868 2.918
3.955 2.918
4.041 2.918
4.127 2.918
4.214 3.005
4.3 3.091
4.386 3.177
4.473 3.264
4.559 3.35
4.645 3.436
4.732 3.523
4.818 3.609
4.905 3.695
4.991 3.782
5.077 3.868
5.164 3.955
5.25 4.041
5.336 4.127
5.423 4.214
5.509 4.214
5.595 4.214
5.682 4.214
5.768 4.214
5.855 4.3
5.941 4.3
6.027 4.3
6.114 4.3
6.2 4.3
6.286 4.3
6.373 4.386
6.459 4.386
6.545 4.473
6.632 4.473
6.718 4.473
6.805 4.473
6.891 4.473
6.977 4.473
7.064 4.473
7.15 4.473
7.236 4.559
7.323 4.559
7.409 4.559
7.495 4.559
7.582 4.559
7.668 4.559
7.755 4.559
7.841 4.559
7.927 4.559
8.014 4.645
8.1 4.645
8.186 4.645
8.273 4.645
8.273 4.732
8.273 4.818
8.273 4.905
8.273 4.991
8.273 5.077
8.273 5.164
8.273 5.25
8.273 5.336
8.273 5.423
8.273 5.509
8.273 5.595
8.359 5.682
8.359 5.768
8.359 5.855
8.359 5.941
8.359 6.027
8.359 6.114
8.359 6.2
8.359 6.286
8.445 6.373
8.532 6.459
8.618 6.545
8.705 6.632
8.791 6.718
8.877 6.805
8.877 6.891
8.964 6.977
