-5.977 -5.977
-5.977 -5.909
-5.977 -5.841
-5.977 -5.773
-5.977 -5.705
-5.977 -5.636
-5.977 -5.568
-5.977 -5.5
-5.977 -5.432
-5.977 -5.364
-5.977 -5.295
-5.977 -5.227
-5.977 -5.159
-5.977 -5.091
-5.977 -5.023
-5.977 -4.955
-5.977 -4.886
-5.977 -4.818
-5.977 -4.75
-5.977 -4.682
-5.977 -4.614
-5.977 -4.545
-5.977 -4.477
-5.977 -4.409
-5.977 -4.341
-5.977 -4.273
-5.977 -4.205
-5.977 -4.136
-5.977 -4.068
-5.977 -4.0
-5.977 -3.932
-5.977 -3.864
-5.977 -3.795
-5.977 -3.727
-5.977 -3.659
-5.977 -3.591
-5.977 -3.523
-5.977 -3.455
-5.977 -3.386
-5.977 -3.318
-5.977 -3.25
-5.977 -3.182
-5.977 -3.114
-5.977 -3.045
-5.977 -2.977
-5.977 -2.909
-5.977 -2.841
-5.977 -2.773
-5.977 -2.705
-5.977 -2.636
-6.045 -2.568
-6.114 -2.5
-6.182 -2.432
-6.25 -2.364
-6.318 -2.295
-6.318 -2.227
-6.318 -2.159
-6.318 -2.091
-6.318 -2.023
-6.318 -1.955
-6.318 -1.886
-6.318 -1.818
-6.318 -1.75
-6.318 -1.682
-6.318 -1.614
-6.318 -1.545
-6.318 -1.477
-6.318 -1.409
-6.318 -1.341
-6.318 -1.273
-6.318 -1.205
-6.318 -1.136
-6.318 -1.068
-6.318 -1.0
-6.318 -0.932
-6.318 -0.864
-6.318 -0.795
-6.318 -0.727
-6.318 -0.659
-6.318 -0.591
-6.318 -0.523
-6.318 -0.455
-6.318 -0.386
-6.318 -0.318
-6.318 -0.25
-6.25 -0.182
-6.25 -0.114
-6.25 -0.045
-6.25 0.023
-6.25 0.091
-6.25 0.159
-6.25 0.227
-6.25 0.295
-6.25 0.364
-6.182 0.432
-6.182 0.5
-6.182 0.568
-6.182 0.636
-6.182 0.705
-6.114 0.773
-6.045 0.841
-6.045 0.909
-5.977 0.977
-5.909 1.045
-5.909 1.114
-5.841 1.182
-5.841 1.25
-5.841 1.318
-5.841 1.386
-5.841 1.455
-5.841 1.523
-5.841 1.591
-5.841 1.659
-5.841 1.727
-5.841 1.795
-5.773 1.864
-5.705 1.932
-5.636 2.0
-5.568 2.068
-5.5 2.136
-5.432 2.205
-5.364 2.273
-5.295 2.341
-5.295 2.409
-5.295 2.477
-5.295 2.545
-5.295 2.614
-5.295 2.682
-5.295 2.75
-5.295 2.818
-5.295 2.886
-5.295 2.955
-5.295 3.023
-5.295 3.091
-5.295 3.159
-5.295 3.227
-5.295 3.295
-5.295 3.364
-5.295 3.432
-5.295 3.5
-5.295 3.568
-5.295 3.636
-5.295 3.705
-5.295 3.773
-5.295 3.841
-5.295 3.909
-5.295 3.977
-5.295 4.045
-5.295 4.114
-5.295 4.182
-5.295 4.25
-5.295 4.318
-5.295 4.386
-5.295 4.455
-5.295 4.523
-5.295 4.591
-5.295 4.659
-5.295 4.727
-5.295 4.795
-5.295 4.864
-5.295 4.932
-5.295 5.0
-5.295 5.068
-5.295 5.136
-5.295 5.205
-5.295 5.273
-5.295 5.341
-5.295 5.409
-5.295 5.477
-5.295 5.545
-5.295 5.614
-5.295 5.682
-5.295 5.75
-5.295 5.818
-5.295 5.886
-5.295 5.955
-5.295 6.023
-5.295 6.091
-5.295 6.159
-5.295 6.227
-5.295 6.295
-5.227 6.364
-5.159 6.364
-5.091 6.364
-5.023 6.364
-4.955 6.364
-4.886 6.364
-4.818 6.364
-4.75 6.364
-4.682 6.364
-4.614 6.364
-4.545 6.364
-4.477 6.364
-4.409 6.364
-4.341 6.364
-4.273 6.364
-4.205 6.364
-4.136 6.364
-4.068 6.364
-4.0 6.364
-3.932 6.364
-3.864 6.364
-3.795 6.364
-3.727 6.364
-3.659 6.364
-3.591 6.364
-3.523 6.364
-3.455 6.364
-3.386 6.364
-3.318 6.364
-3.25 6.364
-3.182 6.364
-3.114 6.364
-3.045 6.364
-2.977 6.364
-2.909 6.364
-2.841 6.364
-2.773 6.364
-2.705 6.364
-2.636 6.364
-2.568 6.364
-2.5 6.364
-2.432 6.364
-2.364 6.364
-2.295 6.364
-2.227 6.364
-2.159 6.364
-2.091 6.364
-2.023 6.432
-1.955 6.5
-1.886 6.568
-1.818 6.636
-1.75 6.705
-1.682 6.705
-1.614 6.773
-1.545 6.841
-1.477 6.841
-1.409 6.909
-1.341 6.909
-1.273 6.909
-1.205 6.977
-1.136 6.977
-1.068 6.977
-1.0 6.977
-0.932 6.977
-0.864 6.977
-0.795 6.977
-0.727 6.977
-0.659 6.977
-0.591 6.977
-0.523 6.977
-0.455 6.977
-0.386 6.977
-0.318 6.977
-0.25 6.977
-0.182 6.977
-0.114 6.977
-0.045 6.977
