-3.932 3.977
-3.932 3.909
-3.864 3.841
-3.795 3.773
-3.727 3.705
-3.659 3.636
-3.591 3.568
-3.591 3.5
-3.523 3.432
-3.455 3.364
-3.386 3.295
-3.318 3.227
-3.25 3.159
-3.182 3.091
-3.114 3.023
-3.045 2.955
-2.977 2.886
-2.909 2.818
-2.841 2.75
-2.773 2.682
-2.705 2.614
-2.636 2.545
-2.568 2.477
-2.5 2.409
-2.432 2.341
-2.364 2.273
-2.295 2.205
-2.227 2.136
-2.227 2.068
-2.227 2.0
-2.227 1.932
-2.159 1.864
-2.091 1.795
-2.091 1.727
-2.023 1.659
-1.955 1.591
-1.886 1.523
-1.818 1.455
-1.75 1.386
-1.75 1.318
-1.682 1.25
-1.614 1.182
-1.545 1.114
-1.477 1.045
-1.409 0.977
-1.409 0.909
-1.409 0.841
-1.409 0.773
-1.409 0.705
-1.341 0.636
-1.273 0.568
-1.205 0.5
-1.205 0.432
-1.205 0.364
-1.205 0.295
-1.205 0.227
-1.205 0.159
-1.136 0.091
-1.068 0.023
-1.0 -0.045
-0.932 -0.114
-0.932 -0.182
-0.864 -0.25
-0.795 -0.318
-0.727 -0.386
-0.727 -0.455
-0.727 -0.523
-0.727 -0.591
-0.659 -0.659
-0.659 -0.727
-0.659 -0.795
-0.659 -0.864
-0.659 -0.932
-0.659 -1.0
-0.591 -1.068
-0.591 -1.136
-0.591 -1.205
-0.591 -1.273
-0.591 -1.341
-0.591 -1.409
-0.591 -1.477
-0.591 -1.545
-0.591 -1.614
-0.523 -1.682
-0.455 -1.75
-0.386 -1.818
-0.318 -1.886
-0.25 -1.955
-0.25 -2.023
-0.182 -2.091
-0.114 -2.159
-0.114 -2.227
-0.045 -2.295
0.023 -2.364
0.091 -2.432
0.159 -2.5
0.227 -2.568
0.227 -2.636
0.295 -2.705
0.364 -2.773
0.432 -2.841
0.5 -2.909
0.568 -2.977
0.636 -3.045
0.705 -3.114
0.773 -3.182
0.773 -3.25
0.841 -3.318
0.841 -3.386
0.841 -3.455
0.841 -3.523
0.841 -3.591
0.841 -3.659
0.841 -3.727
0.841 -3.795
0.841 -3.864
0.909 -3.932
0.909 -4.0
0.909 -4.068
0.909 -4.136
0.909 -4.205
0.909 -4.273
0.977 -4.341
1.045 -4.409
1.114 -4.477
1.182 -4.545
1.25 -4.614
1.318 -4.682
1.318 -4.75
1.318 -4.818
1.318 -4.886
1.318 -4.955
1.318 -5.023
1.318 -5.091
1.318 -5.159
1.318 -5.227
1.318 -5.295
1.25 -5.364
1.182 -5.432
1.182 -5.5
1.114 -5.568
1.045 -5.636
1.045 -5.705
1.045 -5.773
0.977 -5.841
0.977 -5.909
0.977 -5.977
