-4.955 5.0
-4.886 4.932
-4.818 4.864
-4.75 4.864
-4.682 4.864
-4.614 4.864
-4.545 4.864
-4.477 4.864
-4.409 4.864
-4.341 4.864
-4.273 4.864
-4.205 4.864
-4.136 4.864
-4.068 4.864
-4.0 4.864
-3.932 4.864
-3.864 4.864
-3.795 4.864
-3.727 4.864
-3.659 4.864
-3.591 4.795
-3.523 4.795
-3.455 4.795
-3.386 4.727
-3.318 4.659
-3.25 4.591
-3.182 4.523
-3.114 4.455
-3.045 4.386
-2.977 4.318
-2.909 4.25
-2.841 4.25
-2.773 4.25
-2.705 4.182
-2.636 4.114
-2.568 4.114
-2.5 4.114
-2.432 4.114
-2.364 4.114
-2.295 4.114
-2.227 4.114
-2.159 4.114
-2.091 4.114
-2.023 4.114
-1.955 4.114
-1.886 4.045
-1.818 3.977
-1.75 3.977
-1.682 3.977
-1.614 3.977
-1.545 3.909
-1.477 3.841
-1.409 3.773
-1.341 3.773
-1.273 3.773
-1.205 3.773
-1.136 3.773
-1.068 3.773
-1.0 3.773
-0.932 3.773
-0.864 3.773
-0.795 3.773
-0.727 3.773
-0.659 3.773
-0.591 3.773
-0.523 3.773
-0.455 3.773
-0.386 3.705
-0.318 3.705
-0.25 3.705
-0.182 3.705
-0.114 3.705
-0.045 3.705
0.023 3.705
0.091 3.705
0.159 3.705
0.227 3.705
0.295 3.705
0.364 3.705
0.432 3.705
0.5 3.705
0.568 3.705
0.636 3.705
0.705 3.705
0.773 3.705
0.841 3.773
0.909 3.773
0.977 3.773
1.045 3.773
1.114 3.773
1.182 3.773
1.25 3.773
1.318 3.773
1.386 3.773
1.455 3.773
1.523 3.773
1.591 3.841
1.659 3.909
1.727 3.977
1.795 4.045
1.864 4.045
1.932 4.045
2.0 4.045
