-4.955 -5.977
-4.886 -5.909
-4.818 -5.909
-4.75 -5.841
-4.682 -5.773
-4.614 -5.705
-4.545 -5.705
-4.477 -5.705
-4.409 -5.636
-4.341 -5.568
-4.273 -5.5
-4.205 -5.432
-4.136 -5.364
-4.068 -5.295
-4.0 -5.295
-3.932 -5.295
-3.864 -5.295
-3.795 -5.295
-3.727 -5.295
-3.659 -5.295
-3.591 -5.295
-3.523 -5.295
-3.455 -5.295
-3.386 -5.295
-3.318 -5.295
-3.25 -5.295
-3.182 -5.295
-3.114 -5.295
-3.045 -5.295
-2.977 -5.295
-2.909 -5.295
-2.841 -5.295
-2.773 -5.295
-2.705 -5.295
-2.636 -5.295
-2.568 -5.295
-2.5 -5.295
-2.432 -5.295
-2.364 -5.295
-2.295 -5.295
-2.227 -5.295
-2.159 -5.295
-2.091 -5.295
-2.023 -5.295
-1.955 -5.295
-1.886 -5.295
-1.818 -5.295
-1.75 -5.295
-1.682 -5.295
-1.614 -5.295
-1.545 -5.295
-1.477 -5.295
-1.409 -5.295
-1.341 -5.295
-1.273 -5.295
-1.205 -5.295
-1.136 -5.295
-1.068 -5.295
-1.0 -5.295
-0.932 -5.295
-0.864 -5.295
-0.795 -5.295
-0.727 -5.295
-0.659 -5.295
-0.591 -5.295
-0.523 -5.295
-0.455 -5.295
-0.386 -5.295
-0.318 -5.295
-0.25 -5.295
-0.182 -5.295
-0.114 -5.295
-0.045 -5.295
0.023 -5.295
0.091 -5.295
0.159 -5.295
0.227 -5.295
0.295 -5.295
0.364 -5.295
0.432 -5.295
0.5 -5.295
0.568 -5.295
0.636 -5.295
0.705 -5.295
0.773 -5.295
0.841 -5.295
0.909 -5.295
0.977 -5.295
1.045 -5.295
1.114 -5.295
1.182 -5.295
1.25 -5.295
1.318 -5.295
1.386 -5.227
1.455 -5.159
1.523 -5.091
1.591 -5.023
1.659 -4.955
1.727 -4.886
1.795 -4.818
1.864 -4.75
1.932 -4.682
2.0 -4.614
2.068 -4.614
2.136 -4.614
2.205 -4.614
2.273 -4.614
2.341 -4.614
2.409 -4.614
2.477 -4.614
2.545 -4.614
2.614 -4.545
2.682 -4.477
2.75 -4.409
2.818 -4.409
2.886 -4.409
2.955 -4.341
3.023 -4.273
3.091 -4.205
3.159 -4.136
3.227 -4.068
3.295 -4.0
3.364 -3.932
3.432 -3.864
3.5 -3.795
3.568 -3.727
3.636 -3.659
3.705 -3.591
3.773 -3.523
3.841 -3.455
3.909 -3.386
3.977 -3.318
4.045 -3.25
4.114 -3.182
4.182 -3.114
4.25 -3.045
4.318 -2.977
4.386 -2.977
4.455 -2.909
4.523 -2.841
4.591 -2.841
4.659 -2.773
4.727 -2.705
4.795 -2.705
4.864 -2.636
4.932 -2.568
5.0 -2.568
5.068 -2.5
5.136 -2.432
5.205 -2.432
5.273 -2.364
5.341 -2.295
5.341 -2.227
5.341 -2.159
5.341 -2.091
5.341 -2.023
5.341 -1.955
5.341 -1.886
5.341 -1.818
5.341 -1.75
5.341 -1.682
5.341 -1.614
5.341 -1.545
5.341 -1.477
5.341 -1.409
5.341 -1.341
5.341 -1.273
5.341 -1.205
5.341 -1.136
5.341 -1.068
5.341 -1.0
5.273 -0.932
5.273 -0.864
5.273 -0.795
5.273 -0.727
5.273 -0.659
5.205 -0.591
5.136 -0.523
5.068 -0.455
5.0 -0.386
5.0 -0.318
5.0 -0.25
5.0 -0.182
5.0 -0.114
5.0 -0.045
5.0 0.023
5.0 0.091
5.0 0.159
5.0 0.227
5.0 0.295
5.0 0.364
5.0 0.432
5.0 0.5
5.0 0.568
5.0 0.636
5.0 0.705
5.0 0.773
5.0 0.841
5.0 0.909
5.0 0.977
