6.977 5.0
6.977 5.068
6.977 5.136
6.977 5.205
6.977 5.273
6.977 5.341
7.045 5.409
7.114 5.477
7.182 5.545
7.25 5.614
7.318 5.682
7.318 5.75
7.318 5.818
7.318 5.886
7.318 5.955
7.318 6.023
7.318 6.091
7.318 6.159
7.318 6.227
7.318 6.295
7.25 6.364
7.182 6.364
7.114 6.364
7.045 6.432
6.977 6.432
6.909 6.432
6.841 6.5
6.773 6.5
6.705 6.5
6.636 6.568
6.568 6.568
6.5 6.568
6.432 6.636
6.364 6.636
6.295 6.636
6.227 6.705
6.159 6.705
6.091 6.705
6.023 6.773
5.955 6.773
5.886 6.773
5.818 6.841
5.75 6.841
5.682 6.841
5.614 6.909
5.545 6.909
5.477 6.909
5.409 6.977
5.341 6.977
5.273 7.045
5.205 7.114
5.136 7.182
5.068 7.25
5.0 7.25
4.932 7.25
4.864 7.318
4.795 7.318
4.727 7.318
4.659 7.318
4.591 7.318
4.523 7.318
4.455 7.318
4.386 7.318
4.318 7.318
4.25 7.318
4.182 7.318
4.114 7.318
4.045 7.318
3.977 7.318
3.909 7.318
3.841 7.318
3.773 7.318
3.705 7.318
3.636 7.318
3.568 7.318
3.5 7.318
3.432 7.318
3.364 7.318
3.295 7.318
3.227 7.318
3.159 7.318
3.091 7.318
3.023 7.318
2.955 7.318
2.886 7.318
2.818 7.318
2.75 7.318
2.682 7.318
2.614 7.318
2.545 7.318
2.477 7.318
2.409 7.318
2.341 7.318
2.273 7.318
2.205 7.318
2.136 7.318
2.068 7.318
2.0 7.318
1.932 7.318
1.864 7.318
1.795 7.318
1.727 7.318
1.659 7.318
1.591 7.318
1.523 7.318
1.455 7.318
1.386 7.318
1.318 7.318
1.25 7.318
1.182 7.318
1.114 7.318
1.045 7.318
0.977 7.318
0.909 7.318
0.841 7.25
0.773 7.25
0.705 7.25
0.636 7.25
0.568 7.25
0.5 7.25
0.432 7.25
0.364 7.25
0.295 7.25
0.227 7.25
0.159 7.182
0.091 7.114
0.023 7.045
-0.045 6.977
-0.114 6.909
-0.182 6.841
-0.25 6.773
-0.318 6.705
-0.386 6.636
-0.455 6.636
-0.523 6.636
-0.591 6.636
-0.659 6.636
-0.727 6.636
-0.795 6.636
-0.864 6.636
-0.932 6.636
-1.0 6.636
-1.068 6.636
-1.136 6.636
-1.205 6.636
-1.273 6.636
-1.341 6.636
-1.409 6.568
-1.477 6.568
-1.545 6.568
-1.614 6.568
-1.682 6.568
-1.75 6.5
-1.818 6.5
-1.886 6.5
-1.955 6.5
-2.023 6.5
-2.091 6.5
-2.159 6.5
-2.227 6.5
-2.295 6.5
-2.364 6.5
-2.432 6.5
-2.5 6.5
-2.568 6.5
-2.636 6.5
-2.705 6.5
-2.773 6.5
-2.841 6.5
-2.909 6.5
-2.977 6.5
-3.045 6.5
-3.114 6.5
-3.182 6.5
-3.25 6.5
-3.318 6.5
-3.386 6.5
-3.455 6.5
-3.523 6.5
-3.591 6.5
-3.659 6.5
-3.727 6.5
-3.795 6.5
-3.864 6.5
-3.932 6.5
-4.0 6.5
-4.068 6.5
-4.136 6.5
-4.205 6.5
-4.273 6.5
-4.341 6.5
-4.409 6.5
-4.477 6.432
-4.545 6.432
-4.614 6.364
-4.682 6.364
-4.75 6.364
-4.818 6.364
-4.886 6.364
-4.955 6.364
-5.023 6.364
-5.091 6.295
-5.159 6.295
-5.227 6.295
-5.295 6.295
-5.295 6.227
-5.295 6.159
-5.295 6.091
-5.295 6.023
-5.295 5.955
-5.295 5.886
-5.295 5.818
-5.295 5.75
-5.295 5.682
-5.227 5.614
-5.159 5.545
-5.091 5.545
-5.023 5.477
-4.955 5.477
-4.886 5.409
-4.818 5.341
-4.75 5.273
-4.682 5.273
-4.614 5.273
-4.545 5.273
-4.477 5.273
-4.409 5.205
-4.341 5.205
-4.273 5.205
-4.205 5.136
-4.136 5.068
-4.068 5.0
-4.0 4.932
-3.932 4.932
-3.864 4.864
-3.795 4.795
-3.727 4.727
-3.659 4.659
-3.591 4.659
-3.523 4.591
-3.455 4.523
-3.386 4.455
-3.318 4.386
-3.25 4.318
-3.182 4.25
-3.114 4.182
-3.045 4.114
-2.977 4.045
