-5.977 5.955
-5.909 5.886
-5.841 5.818
-5.773 5.75
-5.705 5.682
-5.636 5.614
-5.568 5.545
-5.5 5.477
-5.432 5.409
-5.364 5.341
-5.295 5.273
-5.227 5.205
-5.159 5.136
-5.091 5.068
-5.023 5.0
-4.955 4.932
-4.886 4.864
-4.818 4.795
-4.75 4.727
-4.682 4.659
-4.614 4.591
-4.545 4.523
-4.477 4.455
-4.409 4.386
-4.341 4.318
-4.273 4.25
-4.205 4.182
-4.136 4.114
-4.068 4.045
-4.0 3.977
-3.932 3.909
-3.864 3.841
-3.795 3.773
-3.727 3.705
-3.659 3.636
-3.591 3.568
-3.523 3.5
-3.455 3.432
-3.386 3.364
-3.318 3.295
-3.25 3.227
-3.182 3.159
-3.114 3.091
-3.045 3.023
-2.977 2.955
-2.909 2.886
-2.841 2.818
-2.773 2.75
-2.705 2.682
-2.636 2.614
-2.568 2.545
-2.5 2.477
-2.432 2.409
-2.364 2.341
-2.295 2.273
-2.227 2.205
-2.159 2.136
-2.091 2.068
-2.023 2.0
-1.955 1.932
-1.886 1.864
-1.818 1.795
-1.75 1.727
-1.682 1.659
-1.614 1.591
-1.545 1.523
-1.477 1.455
-1.409 1.386
-1.341 1.318
-1.273 1.25
-1.205 1.182
-1.136 1.114
-1.068 1.045
-1.0 0.977
-0.932 0.909
-0.864 0.841
-0.795 0.773
-0.727 0.705
-0.659 0.636
-0.659 0.568
-0.659 0.5
-0.659 0.432
-0.659 0.364
-0.659 0.295
-0.659 0.227
-0.659 0.159
-0.659 0.091
-0.659 0.023
-0.659 -0.045
-0.659 -0.114
-0.659 -0.182
-0.659 -0.25
-0.659 -0.318
-0.591 -0.386
-0.523 -0.455
-0.455 -0.523
-0.386 -0.591
-0.318 -0.659
-0.25 -0.727
-0.182 -0.795
-0.114 -0.864
-0.045 -0.932
0.023 -1.0
0.023 -1.068
0.091 -1.136
0.091 -1.205
0.159 -1.273
0.159 -1.341
0.227 -1.409
0.227 -1.477
0.295 -1.545
0.364 -1.614
0.432 -1.682
0.432 -1.75
0.432 -1.818
0.432 -1.886
0.5 -1.955
0.5 -2.023
0.568 -2.091
0.636 -2.159
0.705 -2.227
0.773 -2.295
0.841 -2.364
0.841 -2.432
0.909 -2.5
0.977 -2.568
1.045 -2.636
1.114 -2.705
1.114 -2.773
1.182 -2.841
1.25 -2.909
1.25 -2.977
1.318 -3.045
1.318 -3.114
1.386 -3.182
1.455 -3.25
1.523 -3.318
1.523 -3.386
1.523 -3.455
1.591 -3.523
1.591 -3.591
1.591 -3.659
1.591 -3.727
1.591 -3.795
1.591 -3.864
1.659 -3.932
1.659 -4.0
1.659 -4.068
1.659 -4.136
1.659 -4.205
1.659 -4.273
1.659 -4.341
1.727 -4.341
1.795 -4.341
1.864 -4.341
1.932 -4.341
2.0 -4.341
2.068 -4.341
2.136 -4.341
2.205 -4.341
2.273 -4.341
2.341 -4.341
2.409 -4.341
2.477 -4.341
2.545 -4.341
2.614 -4.341
2.682 -4.341
2.75 -4.341
2.818 -4.341
2.886 -4.341
2.955 -4.341
3.023 -4.341
3.091 -4.341
3.159 -4.341
3.227 -4.341
3.295 -4.341
3.364 -4.341
3.432 -4.341
3.5 -4.341
3.568 -4.341
3.636 -4.341
3.705 -4.341
3.773 -4.341
3.841 -4.341
3.909 -4.341
3.977 -4.341
4.045 -4.341
4.114 -4.341
4.182 -4.341
4.25 -4.341
4.318 -4.341
4.386 -4.409
4.455 -4.477
4.523 -4.545
4.591 -4.545
4.659 -4.614
4.727 -4.682
4.795 -4.75
4.864 -4.818
4.932 -4.886
5.0 -4.955
5.068 -4.955
5.136 -4.955
5.205 -5.023
5.273 -5.091
5.341 -5.159
5.409 -5.227
5.477 -5.295
5.545 -5.364
5.614 -5.432
5.682 -5.5
5.75 -5.5
5.818 -5.568
5.886 -5.636
5.955 -5.705
6.023 -5.773
6.091 -5.773
6.159 -5.841
6.227 -5.909
6.295 -5.909
6.364 -5.909
6.432 -5.909
6.5 -5.909
6.568 -5.909
6.636 -5.909
6.705 -5.909
6.773 -5.909
6.841 -5.909
6.909 -5.909
6.977 -5.977
