-0.018 2.918
0.068 3.005
0.155 3.091
0.241 3.177
0.327 3.264
0.414 3.35
0.5 3.35
0.586 3.35
0.673 3.35
0.759 3.436
0.845 3.523
0.932 3.609
1.018 3.695
1.105 3.782
1.191 3.868
1.277 3.955
1.364 4.041
1.45 4.127
1.536 4.214
1.623 4.3
1.709 4.386
1.795 4.473
1.882 4.559
1.968 4.645
2.055 4.732
2.141 4.818
2.227 4.905
2.314 4.991
2.4 5.077
2.486 5.164
2.573 5.25
2.659 5.336
2.745 5.423
2.832 5.509
2.918 5.595
3.005 5.682
3.091 5.768
3.177 5.855
3.264 5.941
3.35 6.027
3.436 6.114
3.523 6.2
3.609 6.286
3.695 6.373
3.782 6.459
3.868 6.545
3.955 6.632
4.041 6.718
4.127 6.805
4.214 6.891
4.3 6.977
4.386 7.064
4.473 7.15
4.559 7.236
4.645 7.323
4.732 7.409
4.818 7.495
4.905 7.582
4.991 7.668
5.077 7.755
5.164 7.841
5.25 7.927
5.336 8.014
5.423 8.1
5.509 8.186
5.595 8.273
5.682 8.273
5.768 8.273
5.855 8.273
5.941 8.273
6.027 8.273
6.114 8.273
6.2 8.273
6.286 8.273
6.373 8.273
6.459 8.273
6.545 8.273
6.632 8.273
6.718 8.273
6.805 8.273
6.891 8.273
6.977 8.273
7.064 8.273
7.15 8.273
7.236 8.273
7.323 8.273
7.323 8.186
7.323 8.1
7.323 8.014
7.323 7.927
7.323 7.841
7.323 7.755
7.323 7.668
7.236 7.582
7.236 7.495
7.236 7.409
7.15 7.323
7.064 7.236
6.977 7.15
6.891 7.064
6.805 6.977
6.718 6.891
6.718 6.805
6.718 6.718
6.632 6.632
6.545 6.545
6.459 6.459
6.373 6.373
6.286 6.286
6.2 6.2
6.114 6.114
6.027 6.027
5.941 5.941
5.941 5.855
5.941 5.768
5.855 5.682
5.768 5.595
5.682 5.509
5.682 5.423
5.682 5.336
5.682 5.25
5.682 5.164
5.682 5.077
5.682 4.991
5.682 4.905
5.682 4.818
5.682 4.732
5.682 4.645
5.682 4.559
5.682 4.473
5.682 4.386
5.768 4.3
5.855 4.214
5.941 4.127
6.027 4.041
6.114 3.955
6.2 3.868
6.286 3.782
6.373 3.695
6.459 3.609
6.459 3.523
6.545 3.436
6.632 3.35
6.718 3.264
6.805 3.177
6.891 3.091
6.977 3.005
7.064 2.918
7.15 2.832
7.236 2.745
7.323 2.659
7.323 2.573
7.323 2.486
7.409 2.4
7.495 2.314
7.495 2.227
7.495 2.141
7.582 2.055
7.668 1.968
7.755 1.882
7.841 1.795
7.927 1.709
8.014 1.623
8.1 1.536
8.186 1.45
8.273 1.364
8.273 1.277
8.273 1.191
8.273 1.105
8.273 1.018
8.273 0.932
8.273 0.845
8.273 0.759
8.273 0.673
8.273 0.586
8.273 0.5
8.273 0.414
8.273 0.327
8.273 0.241
8.273 0.155
8.273 0.068
8.273 -0.018
8.273 -0.105
8.273 -0.191
8.273 -0.277
8.186 -0.277
8.1 -0.277
8.014 -0.277
7.927 -0.277
7.841 -0.277
7.755 -0.277
7.668 -0.277
7.582 -0.277
7.495 -0.277
7.409 -0.277
7.323 -0.277
7.236 -0.277
7.15 -0.277
7.064 -0.277
6.977 -0.191
6.891 -0.105
6.805 -0.018
6.718 0.068
6.632 0.155
6.545 0.155
6.459 0.241
6.373 0.241
6.286 0.327
6.2 0.327
6.114 0.327
6.027 0.327
5.941 0.327
5.855 0.327
5.768 0.327
5.682 0.327
5.595 0.241
5.509 0.155
5.423 0.068
5.336 0.068
5.25 -0.018
5.164 -0.105
5.077 -0.191
4.991 -0.191
4.905 -0.277
4.818 -0.277
4.732 -0.364
4.645 -0.45
4.559 -0.536
4.473 -0.623
4.386 -0.709
4.3 -0.709
4.214 -0.795
4.127 -0.882
4.041 -0.968
3.955 -1.055
3.868 -1.141
3.782 -1.227
3.695 -1.314
3.609 -1.4
3.523 -1.4
3.436 -1.486
3.35 -1.573
3.264 -1.659
3.177 -1.745
3.091 -1.832
3.005 -1.918
2.918 -2.005
2.832 -2.091
2.745 -2.091
2.659 -2.177
2.573 -2.264
2.486 -2.264
2.4 -2.35
2.314 -2.436
2.227 -2.436
2.141 -2.436
2.055 -2.523
1.968 -2.609
1.882 -2.695
1.795 -2.695
1.709 -2.695
1.709 -2.782
1.709 -2.868
1.709 -2.955
1.709 -3.041
1.709 -3.127
1.709 -3.214
1.709 -3.3
1.709 -3.386
1.623 -3.473
1.536 -3.559
1.45 -3.645
1.364 -3.732
1.364 -3.818
1.277 -3.905
1.277 -3.991
1.191 -4.077
1.191 -4.164
1.105 -4.25
1.018 -4.336
1.018 -4.423
0.932 -4.509
0.932 -4.595
0.845 -4.682
0.845 -4.768
0.759 -4.855
0.673 -4.941
0.673 -5.027
0.586 -5.114
0.586 -5.2
0.5 -5.286
0.5 -5.373
0.5 -5.459
0.414 -5.545
0.414 -5.632
0.414 -5.718
0.414 -5.805
0.414 -5.891
0.414 -5.977
0.414 -6.064
0.414 -6.15
0.414 -6.236
0.414 -6.323
0.414 -6.409
0.414 -6.495
0.414 -6.582
0.414 -6.668
0.414 -6.755
0.414 -6.841
0.414 -6.927
0.414 -7.014
0.414 -7.1
0.414 -7.186
0.414 -7.273
0.414 -7.359
0.414 -7.445
0.327 -7.532
0.241 -7.618
0.241 -7.705
0.155 -7.791
0.068 -7.877
-0.018 -7.964
