2.918 -1.918
3.005 -1.832
3.091 -1.745
3.177 -1.659
3.264 -1.573
3.35 -1.486
3.436 -1.4
3.523 -1.314
3.609 -1.227
3.695 -1.141
3.782 -1.055
3.868 -0.968
3.955 -0.882
4.041 -0.795
4.127 -0.709
4.214 -0.623
4.3 -0.536
4.386 -0.45
4.473 -0.364
4.559 -0.277
4.645 -0.191
4.732 -0.105
4.818 -0.018
4.905 -0.018
4.991 0.068
5.077 0.155
5.164 0.155
5.25 0.155
5.336 0.155
5.423 0.241
5.509 0.327
5.595 0.327
5.682 0.327
5.768 0.327
5.855 0.327
5.941 0.327
6.027 0.327
6.114 0.327
6.2 0.327
6.286 0.327
6.373 0.327
6.459 0.327
6.545 0.241
6.632 0.155
6.718 0.155
6.805 0.155
6.891 0.155
6.977 0.155
7.064 0.155
7.15 0.068
7.236 -0.018
7.323 -0.018
7.409 -0.105
7.495 -0.191
7.582 -0.277
7.668 -0.277
7.755 -0.277
7.841 -0.277
7.927 -0.277
8.014 -0.277
8.1 -0.277
8.186 -0.277
8.273 -0.277
8.273 -0.191
8.273 -0.105
8.273 -0.018
8.273 0.068
8.273 0.155
8.273 0.241
8.273 0.327
8.273 0.414
8.273 0.5
8.273 0.586
8.273 0.673
8.273 0.759
8.273 0.845
8.273 0.932
8.273 1.018
8.273 1.105
8.273 1.191
8.273 1.277
8.273 1.364
8.186 1.45
8.1 1.536
8.014 1.623
7.927 1.709
7.841 1.795
7.755 1.882
7.668 1.968
7.582 2.055
7.495 2.141
7.409 2.227
7.323 2.314
7.236 2.4
7.15 2.486
7.064 2.573
6.977 2.659
6.891 2.745
6.805 2.832
6.718 2.918
6.632 3.005
6.545 3.091
6.459 3.177
6.373 3.264
6.286 3.35
6.2 3.436
6.114 3.523
6.027 3.609
5.941 3.695
5.855 3.782
5.768 3.868
5.682 3.955
5.682 4.041
5.682 4.127
5.682 4.214
5.682 4.3
5.682 4.386
5.682 4.473
5.682 4.559
5.682 4.645
5.682 4.732
5.682 4.818
5.682 4.905
5.682 4.991
5.682 5.077
5.682 5.164
5.682 5.25
5.682 5.336
5.682 5.423
5.682 5.509
5.682 5.595
5.682 5.682
5.768 5.768
5.855 5.855
5.941 5.941
6.027 6.027
6.114 6.114
6.2 6.2
6.286 6.286
6.373 6.373
6.459 6.459
6.545 6.545
6.632 6.632
6.632 6.718
6.632 6.805
6.632 6.891
6.632 6.977
6.718 7.064
6.805 7.15
6.891 7.236
6.977 7.323
7.064 7.409
7.15 7.495
7.236 7.582
7.323 7.668
7.323 7.755
7.323 7.841
7.323 7.927
7.323 8.014
7.323 8.1
7.323 8.186
7.323 8.273
7.236 8.273
7.15 8.273
7.064 8.273
6.977 8.273
6.891 8.273
6.805 8.273
6.718 8.273
6.632 8.273
6.545 8.273
6.459 8.273
6.373 8.273
6.286 8.273
6.2 8.273
6.114 8.273
6.027 8.273
5.941 8.273
5.855 8.273
5.768 8.273
5.682 8.273
5.595 8.273
5.509 8.186
5.423 8.1
5.336 8.1
5.25 8.014
5.164 7.927
5.077 7.841
4.991 7.755
4.905 7.668
4.818 7.582
4.732 7.495
4.645 7.409
4.559 7.409
4.473 7.323
4.386 7.236
4.3 7.15
4.214 7.15
4.127 7.15
4.041 7.15
3.955 7.064
3.868 6.977
3.782 6.977
3.695 6.891
3.609 6.805
3.523 6.718
3.436 6.632
3.35 6.545
3.264 6.459
3.177 6.373
3.091 6.286
3.005 6.2
2.918 6.114
2.832 6.027
2.745 5.941
2.659 5.855
2.573 5.768
2.486 5.682
2.4 5.595
2.314 5.509
2.227 5.423
2.141 5.336
2.055 5.25
1.968 5.164
1.882 5.077
1.795 4.991
1.709 4.905
1.623 4.818
1.536 4.732
1.45 4.645
1.364 4.559
1.277 4.473
1.191 4.386
1.105 4.3
1.018 4.214
0.932 4.127
0.845 4.041
0.759 3.955
0.673 3.955
0.586 3.955
0.5 3.868
0.414 3.782
0.327 3.695
0.241 3.695
0.155 3.695
0.068 3.695
-0.018 3.695
-0.105 3.695
-0.191 3.695
-0.277 3.695
-0.364 3.695
-0.45 3.782
-0.536 3.782
-0.623 3.868
-0.709 3.955
-0.795 3.955
-0.882 4.041
-0.968 4.041
-1.055 4.127
-1.141 4.214
-1.227 4.214
-1.314 4.3
-1.4 4.3
-1.486 4.386
-1.573 4.473
-1.659 4.473
-1.745 4.559
-1.832 4.559
-1.918 4.645
-2.005 4.645
-2.091 4.732
-2.177 4.818
-2.264 4.818
-2.35 4.905
-2.436 4.905
-2.523 4.991
-2.609 5.077
-2.695 5.077
-2.782 5.164
-2.868 5.164
-2.955 5.25
-3.041 5.25
-3.127 5.336
-3.214 5.423
-3.3 5.509
-3.386 5.509
-3.473 5.595
-3.559 5.595
-3.645 5.682
-3.732 5.768
-3.818 5.768
-3.905 5.855
-3.991 5.855
-4.077 5.941
-4.164 5.941
-4.25 6.027
-4.336 6.114
-4.423 6.114
-4.509 6.2
-4.595 6.286
-4.682 6.286
-4.768 6.373
-4.855 6.373
-4.941 6.459
-5.027 6.545
-5.114 6.545
-5.2 6.632
-5.286 6.632
-5.286 6.718
-5.286 6.805
-5.286 6.891
-5.286 6.977
-5.286 7.064
-5.286 7.15
-5.286 7.236
-5.286 7.323
-5.2 7.409
-5.2 7.495
-5.2 7.582
-5.114 7.668
-5.114 7.755
-5.114 7.841
-5.114 7.927
-5.027 8.014
-4.941 8.1
-4.941 8.186
-4.941 8.273
-4.941 8.359
-4.941 8.445
-4.941 8.532
-4.941 8.618
-4.941 8.705
-4.941 8.791
-4.941 8.877
-4.941 8.964
