-2.005 3.955
-2.091 3.955
-2.177 3.955
-2.264 3.955
-2.35 3.955
-2.436 3.955
-2.523 3.955
-2.609 3.955
-2.695 3.955
-2.782 3.955
-2.868 3.955
-2.955 3.955
-3.041 4.041
-3.127 4.041
-3.214 4.127
-3.3 4.127
-3.386 4.214
-3.473 4.214
-3.559 4.214
-3.645 4.3
-3.732 4.3
-3.818 4.386
-3.905 4.386
-3.991 4.473
-4.077 4.473
-4.164 4.559
-4.25 4.559
-4.336 4.645
-4.423 4.732
-4.509 4.732
-4.595 4.818
-4.682 4.818
-4.768 4.905
-4.855 4.905
-4.941 4.905
-5.027 4.991
-5.114 4.991
-5.2 4.991
-5.286 5.077
-5.373 5.164
-5.459 5.164
-5.545 5.25
-5.632 5.25
-5.718 5.336
-5.805 5.336
-5.891 5.336
-5.977 5.336
-6.064 5.336
-6.15 5.336
-6.236 5.336
-6.323 5.336
-6.323 5.25
-6.323 5.164
-6.323 5.077
-6.323 4.991
-6.323 4.905
-6.323 4.818
-6.323 4.732
-6.323 4.645
-6.236 4.559
-6.236 4.473
-6.236 4.386
-6.236 4.3
-6.15 4.214
-6.15 4.127
-6.15 4.041
-6.15 3.955
-6.15 3.868
-6.064 3.782
-6.064 3.695
-6.064 3.609
-6.064 3.523
-6.064 3.436
-6.064 3.35
-6.064 3.264
-6.064 3.177
-6.064 3.091
-6.064 3.005
-6.064 2.918
-6.064 2.832
-6.064 2.745
-6.064 2.659
-6.064 2.573
-6.064 2.486
-6.064 2.4
-6.064 2.314
-6.064 2.227
-6.064 2.141
-6.064 2.055
-6.064 1.968
-6.064 1.882
-6.064 1.795
-6.064 1.709
-6.064 1.623
-6.064 1.536
-6.064 1.45
-6.064 1.364
-6.064 1.277
-6.064 1.191
-6.064 1.105
-6.064 1.018
-6.064 0.932
-6.064 0.845
-6.064 0.759
-6.064 0.673
-6.064 0.586
-6.064 0.5
-6.064 0.414
-6.064 0.327
-6.064 0.241
-6.064 0.155
-6.064 0.068
-6.064 -0.018
-6.064 -0.105
-6.064 -0.191
-6.064 -0.277
-6.064 -0.364
-6.064 -0.45
-6.064 -0.536
-6.064 -0.623
-6.064 -0.709
-6.064 -0.795
-6.064 -0.882
-6.064 -0.968
-6.064 -1.055
-5.977 -1.141
-5.977 -1.227
-5.977 -1.314
-5.977 -1.4
-5.891 -1.486
-5.805 -1.573
-5.718 -1.659
-5.632 -1.745
-5.632 -1.832
-5.545 -1.918
-5.459 -2.005
-5.459 -2.091
-5.459 -2.177
-5.459 -2.264
-5.459 -2.35
-5.373 -2.436
-5.286 -2.523
-5.286 -2.609
-5.286 -2.695
-5.286 -2.782
-5.286 -2.868
-5.286 -2.955
-5.286 -3.041
-5.286 -3.127
-5.286 -3.214
-5.286 -3.3
-5.286 -3.386
-5.286 -3.473
-5.286 -3.559
-5.286 -3.645
-5.286 -3.732
-5.286 -3.818
-5.286 -3.905
-5.286 -3.991
-5.286 -4.077
-5.286 -4.164
-5.2 -4.25
-5.114 -4.336
-5.027 -4.423
-4.941 -4.509
-4.941 -4.595
-4.855 -4.682
-4.768 -4.768
-4.682 -4.855
-4.595 -4.941
-4.509 -5.027
-4.423 -5.114
-4.423 -5.2
-4.423 -5.286
-4.336 -5.373
-4.25 -5.459
-4.164 -5.545
-4.164 -5.632
-4.164 -5.718
-4.077 -5.805
-4.077 -5.891
-3.991 -5.977
