0.068 8.964
-0.018 8.964
-0.105 8.964
-0.191 8.877
-0.277 8.877
-0.364 8.877
-0.45 8.877
-0.536 8.791
-0.623 8.791
-0.709 8.791
-0.795 8.791
-0.882 8.791
-0.968 8.705
-1.055 8.705
-1.141 8.705
-1.227 8.618
-1.314 8.618
-1.4 8.532
-1.486 8.532
-1.573 8.532
-1.659 8.445
-1.745 8.445
-1.832 8.445
-1.918 8.445
-2.005 8.445
-2.091 8.445
-2.177 8.445
-2.264 8.445
-2.35 8.445
-2.436 8.445
-2.523 8.445
-2.609 8.445
-2.695 8.445
-2.782 8.445
-2.868 8.445
-2.955 8.445
-3.041 8.445
-3.127 8.445
-3.214 8.445
-3.3 8.445
-3.386 8.445
-3.473 8.445
-3.559 8.445
-3.645 8.359
-3.732 8.273
-3.818 8.273
-3.905 8.273
-3.991 8.273
-4.077 8.273
-4.164 8.273
-4.25 8.273
-4.336 8.273
-4.423 8.186
-4.509 8.1
-4.595 8.014
-4.682 7.927
-4.768 7.841
-4.855 7.755
-4.941 7.668
-5.027 7.582
-5.114 7.495
-5.2 7.409
-5.286 7.323
-5.286 7.236
-5.286 7.15
-5.286 7.064
-5.286 6.977
-5.286 6.891
-5.286 6.805
-5.286 6.718
-5.286 6.632
-5.2 6.632
-5.114 6.545
-5.027 6.545
-4.941 6.459
-4.855 6.373
-4.768 6.373
-4.682 6.286
-4.595 6.286
-4.509 6.2
-4.423 6.114
-4.336 6.114
-4.25 6.027
-4.164 6.027
-4.077 5.941
-3.991 5.855
-3.905 5.768
-3.818 5.768
-3.732 5.682
-3.645 5.682
-3.559 5.595
-3.473 5.595
-3.386 5.509
-3.3 5.509
-3.214 5.423
-3.127 5.336
-3.041 5.336
-2.955 5.25
-2.868 5.25
-2.782 5.164
-2.695 5.077
-2.609 5.077
-2.523 4.991
-2.436 4.991
-2.35 4.905
-2.264 4.818
-2.177 4.818
-2.091 4.732
-2.005 4.732
-1.918 4.645
-1.832 4.559
-1.745 4.559
-1.659 4.473
-1.573 4.386
-1.486 4.386
-1.4 4.3
-1.314 4.214
-1.227 4.127
-1.141 4.041
-1.055 3.955
-0.968 3.868
-0.882 3.782
-0.795 3.782
-0.709 3.782
-0.623 3.782
-0.536 3.782
-0.45 3.782
-0.364 3.695
-0.277 3.695
-0.191 3.695
-0.105 3.695
-0.018 3.695
0.068 3.695
0.155 3.695
0.241 3.695
0.327 3.695
0.414 3.782
0.5 3.782
0.586 3.782
0.673 3.868
0.759 3.955
0.845 4.041
0.932 4.127
1.018 4.214
1.105 4.3
1.191 4.386
1.277 4.473
1.364 4.559
1.45 4.645
1.536 4.732
1.623 4.818
1.709 4.905
1.795 4.991
1.882 5.077
1.968 5.164
2.055 5.25
2.141 5.336
2.227 5.423
2.314 5.509
2.4 5.595
2.486 5.682
2.573 5.768
2.659 5.855
2.745 5.941
2.832 6.027
2.918 6.114
3.005 6.2
3.091 6.286
3.177 6.373
3.264 6.459
3.35 6.545
3.436 6.632
3.523 6.718
3.609 6.805
3.695 6.891
3.782 6.977
3.868 7.064
3.955 7.15
4.041 7.236
4.127 7.323
4.214 7.409
4.3 7.409
4.386 7.409
4.473 7.495
4.559 7.582
4.645 7.582
4.732 7.668
4.818 7.755
4.905 7.841
4.991 7.927
5.077 7.927
5.164 8.014
5.25 8.1
5.336 8.186
5.423 8.186
5.509 8.273
5.595 8.273
5.682 8.273
5.768 8.273
5.855 8.273
5.941 8.273
6.027 8.273
6.114 8.273
6.2 8.273
6.286 8.273
6.373 8.273
6.459 8.273
6.545 8.273
6.632 8.273
6.718 8.273
6.805 8.273
6.891 8.273
6.977 8.273
7.064 8.273
7.15 8.273
7.236 8.273
7.323 8.273
7.409 8.186
7.495 8.1
7.582 8.014
7.668 7.927
7.755 7.841
7.841 7.841
7.927 7.841
8.014 7.841
8.1 7.755
8.186 7.668
8.273 7.582
8.359 7.582
8.445 7.582
8.532 7.495
8.618 7.409
8.705 7.323
8.791 7.236
8.877 7.15
8.964 7.064
