-2.0 -1.75
-1.95 -1.7
-1.9 -1.65
-1.85 -1.65
-1.8 -1.65
-1.75 -1.65
-1.7 -1.6
-1.65 -1.6
-1.6 -1.6
-1.55 -1.6
-1.5 -1.6
-1.45 -1.55
-1.4 -1.5
-1.35 -1.5
-1.3 -1.5
-1.25 -1.5
-1.2 -1.45
-1.15 -1.4
-1.1 -1.4
-1.05 -1.4
-1.0 -1.4
-0.95 -1.35
-0.9 -1.35
-0.85 -1.35
-0.8 -1.35
-0.75 -1.35
-0.7 -1.3
-0.7 -1.25
-0.7 -1.2
-0.7 -1.15
-0.7 -1.1
-0.7 -1.05
-0.7 -1.0
-0.7 -0.95
-0.7 -0.9
-0.7 -0.85
-0.7 -0.8
-0.7 -0.75
-0.7 -0.7
-0.7 -0.65
-0.75 -0.6
-0.8 -0.55
-0.8 -0.5
-0.85 -0.45
-0.9 -0.4
-0.9 -0.35
-0.95 -0.3
-0.95 -0.25
-1.0 -0.2
-1.05 -0.15
-1.1 -0.1
-1.1 -0.05
-1.15 0.0
-1.2 0.05
-1.2 0.1
-1.25 0.15
-1.3 0.2
-1.3 0.25
-1.35 0.3
-1.4 0.35
-1.4 0.4
-1.45 0.45
-1.5 0.5
-1.55 0.55
-1.55 0.6
-1.6 0.65
-1.6 0.7
-1.65 0.75
-1.7 0.8
-1.7 0.85
-1.75 0.9
-1.8 0.95
-1.8 1.0
-1.85 1.05
-1.9 1.1
-1.9 1.15
-1.95 1.2
-1.95 1.25
-2.0 1.3
-2.05 1.35
-2.1 1.4
-2.1 1.45
-2.15 1.5
-2.2 1.55
-2.2 1.6
-2.25 1.65
-2.3 1.7
-2.3 1.75
-2.3 1.8
-2.3 1.85
-2.3 1.9
-2.3 1.95
-2.3 2.0
-2.3 2.05
-2.3 2.1
-2.3 2.15
-2.3 2.2
-2.3 2.25
-2.3 2.3
-2.25 2.35
-2.2 2.4
-2.15 2.4
-2.1 2.4
-2.05 2.4
-2.0 2.4
-1.95 2.45
-1.9 2.5
-1.85 2.55
-1.8 2.55
-1.75 2.55
-1.7 2.55
-1.65 2.55
-1.6 2.55
-1.55 2.55
-1.5 2.55
-1.45 2.55
-1.4 2.55
-1.35 2.55
-1.3 2.55
-1.25 2.55
-1.2 2.55
-1.15 2.55
-1.1 2.55
-1.05 2.55
-1.0 2.55
-0.95 2.55
-0.9 2.55
-0.85 2.55
-0.8 2.55
-0.75 2.55
-0.7 2.6
-0.65 2.65
-0.6 2.7
-0.55 2.75
-0.5 2.75
-0.45 2.75
-0.4 2.75
-0.35 2.75
-0.3 2.75
-0.25 2.75
-0.2 2.8
-0.15 2.85
-0.1 2.9
-0.05 2.95
0.0 3.0
