-6.0 -6.0
-6.0 -5.95
-6.0 -5.9
-5.95 -5.85
-5.95 -5.8
-5.95 -5.75
-5.95 -5.7
-5.95 -5.65
-5.9 -5.6
-5.9 -5.55
-5.9 -5.5
-5.9 -5.45
-5.9 -5.4
-5.9 -5.35
-5.9 -5.3
-5.9 -5.25
-5.9 -5.2
-5.9 -5.15
-5.9 -5.1
-5.9 -5.05
-5.9 -5.0
-5.85 -4.95
-5.85 -4.9
-5.8 -4.85
-5.8 -4.8
-5.8 -4.75
-5.75 -4.7
-5.75 -4.65
-5.75 -4.6
-5.75 -4.55
-5.75 -4.5
-5.75 -4.45
-5.75 -4.4
-5.75 -4.35
-5.75 -4.3
-5.75 -4.25
-5.75 -4.2
-5.75 -4.15
-5.75 -4.1
-5.75 -4.05
-5.75 -4.0
-5.7 -3.95
-5.7 -3.9
-5.7 -3.85
-5.7 -3.8
-5.7 -3.75
-5.65 -3.7
-5.65 -3.65
-5.6 -3.6
-5.6 -3.55
-5.6 -3.5
-5.55 -3.45
-5.55 -3.4
-5.5 -3.35
-5.5 -3.3
-5.5 -3.25
-5.5 -3.2
-5.5 -3.15
-5.5 -3.1
-5.5 -3.05
-5.5 -3.0
-5.5 -2.95
-5.45 -2.9
-5.45 -2.85
-5.45 -2.8
-5.45 -2.75
-5.45 -2.7
-5.4 -2.65
-5.4 -2.6
-5.35 -2.55
-5.35 -2.5
-5.35 -2.45
-5.3 -2.4
-5.3 -2.35
-5.3 -2.3
-5.3 -2.25
-5.3 -2.2
-5.25 -2.2
-5.2 -2.2
-5.15 -2.2
-5.1 -2.2
-5.05 -2.2
-5.0 -2.2
-4.95 -2.2
-4.9 -2.2
-4.85 -2.2
-4.8 -2.2
-4.75 -2.2
-4.7 -2.2
-4.65 -2.2
-4.6 -2.2
-4.55 -2.2
-4.5 -2.15
-4.45 -2.15
-4.4 -2.1
-4.35 -2.1
-4.3 -2.1
-4.25 -2.1
-4.2 -2.1
-4.15 -2.1
-4.1 -2.1
-4.05 -2.1
-4.0 -2.1
-3.95 -2.1
-3.9 -2.1
-3.85 -2.1
-3.8 -2.1
-3.75 -2.1
-3.7 -2.1
-3.65 -2.1
-3.6 -2.1
-3.55 -2.1
-3.5 -2.1
-3.45 -2.1
-3.4 -2.1
-3.35 -2.1
-3.3 -2.1
-3.25 -2.1
-3.2 -2.1
-3.15 -2.1
-3.1 -2.1
-3.05 -2.1
-3.0 -2.1
-2.95 -2.1
-2.9 -2.1
-2.85 -2.1
-2.8 -2.1
-2.75 -2.1
-2.7 -2.1
-2.65 -2.1
-2.6 -2.1
-2.55 -2.1
-2.5 -2.1
-2.45 -2.1
-2.4 -2.1
-2.35 -2.1
-2.3 -2.1
-2.25 -2.1
-2.2 -2.1
-2.15 -2.1
-2.1 -2.1
-2.05 -2.1
-2.0 -2.1
-1.95 -2.1
-1.9 -2.1
-1.85 -2.1
-1.8 -2.1
-1.75 -2.1
-1.7 -2.1
-1.65 -2.1
-1.6 -2.1
-1.55 -2.1
-1.5 -2.1
-1.45 -2.1
-1.4 -2.1
-1.35 -2.05
-1.3 -2.0
-1.25 -1.95
-1.2 -1.95
-1.15 -1.9
-1.1 -1.85
-1.05 -1.8
-1.0 -1.75
