-6.0 1.0
-5.95 0.95
-5.9 0.9
-5.85 0.85
-5.8 0.8
-5.75 0.75
-5.7 0.7
-5.7 0.65
-5.7 0.6
-5.7 0.55
-5.65 0.5
-5.65 0.45
-5.65 0.4
-5.65 0.35
-5.65 0.3
-5.6 0.25
-5.6 0.2
-5.6 0.15
-5.6 0.1
-5.6 0.05
-5.55 0.0
-5.55 -0.05
-5.55 -0.1
-5.55 -0.15
-5.55 -0.2
-5.5 -0.25
-5.5 -0.3
-5.5 -0.35
-5.5 -0.4
-5.5 -0.45
-5.45 -0.5
-5.45 -0.55
-5.45 -0.6
-5.45 -0.65
-5.45 -0.7
-5.4 -0.75
-5.4 -0.8
-5.35 -0.85
-5.35 -0.9
-5.35 -0.95
-5.3 -1.0
-5.3 -1.05
-5.3 -1.1
-5.3 -1.15
-5.3 -1.2
-5.3 -1.25
-5.3 -1.3
-5.25 -1.3
-5.2 -1.35
-5.15 -1.35
-5.1 -1.35
-5.05 -1.35
-5.0 -1.35
-4.95 -1.35
-4.9 -1.35
-4.85 -1.35
-4.8 -1.35
-4.75 -1.35
-4.7 -1.35
-4.65 -1.35
-4.6 -1.35
-4.55 -1.35
-4.5 -1.35
-4.45 -1.35
-4.4 -1.35
-4.35 -1.35
-4.3 -1.35
-4.25 -1.35
-4.2 -1.35
-4.15 -1.35
-4.1 -1.35
-4.05 -1.35
-4.0 -1.35
-3.95 -1.35
-3.9 -1.35
-3.85 -1.35
-3.8 -1.35
-3.75 -1.35
-3.7 -1.4
-3.65 -1.4
-3.6 -1.4
-3.55 -1.4
-3.5 -1.4
-3.45 -1.45
-3.4 -1.45
-3.35 -1.45
-3.3 -1.45
-3.25 -1.45
-3.2 -1.5
-3.15 -1.55
-3.1 -1.6
-3.05 -1.65
-3.0 -1.65
-2.95 -1.65
-2.9 -1.65
-2.85 -1.65
-2.8 -1.65
-2.75 -1.65
-2.7 -1.65
-2.65 -1.65
-2.6 -1.65
-2.55 -1.65
-2.5 -1.65
-2.45 -1.65
-2.4 -1.65
-2.35 -1.65
-2.3 -1.65
-2.25 -1.65
-2.2 -1.65
-2.15 -1.65
-2.1 -1.65
-2.05 -1.7
-2.0 -1.7
-1.95 -1.75
-1.9 -1.75
-1.85 -1.75
-1.8 -1.75
-1.75 -1.75
-1.7 -1.75
-1.65 -1.75
-1.6 -1.75
-1.55 -1.75
-1.5 -1.75
-1.45 -1.75
-1.4 -1.75
-1.35 -1.75
-1.3 -1.75
-1.25 -1.75
-1.2 -1.75
-1.15 -1.75
-1.1 -1.75
-1.05 -1.75
-1.0 -1.75
-0.95 -1.75
-0.9 -1.75
-0.85 -1.75
-0.8 -1.75
-0.75 -1.75
-0.7 -1.75
-0.65 -1.75
-0.6 -1.75
-0.55 -1.75
-0.5 -1.75
-0.45 -1.75
-0.4 -1.75
-0.35 -1.75
-0.3 -1.75
-0.25 -1.8
-0.2 -1.85
-0.15 -1.85
-0.1 -1.9
-0.05 -1.95
0.0 -2.0
