-5.977 6.977
-5.891 6.977
-5.805 6.977
-5.718 6.977
-5.632 6.977
-5.545 6.977
-5.459 6.977
-5.373 6.977
-5.286 6.977
-5.2 6.977
-5.114 7.064
-5.027 7.15
-4.941 7.236
-4.855 7.236
-4.768 7.323
-4.682 7.409
-4.595 7.495
-4.509 7.582
-4.423 7.668
-4.336 7.755
-4.25 7.755
-4.164 7.755
-4.077 7.841
-3.991 7.841
-3.905 7.927
-3.818 8.014
-3.732 8.1
-3.645 8.1
-3.559 8.186
-3.473 8.186
-3.386 8.186
-3.3 8.273
-3.214 8.273
-3.127 8.273
-3.041 8.273
-2.955 8.273
-2.868 8.273
-2.782 8.273
-2.695 8.273
-2.609 8.273
-2.523 8.273
-2.436 8.273
-2.35 8.273
-2.264 8.273
-2.177 8.273
-2.091 8.273
-2.005 8.273
-1.918 8.273
-1.832 8.273
-1.745 8.273
-1.659 8.273
-1.573 8.186
-1.486 8.1
-1.4 8.014
-1.314 7.927
-1.227 7.841
-1.227 7.755
-1.227 7.668
-1.227 7.582
-1.227 7.495
-1.227 7.409
-1.227 7.323
-1.227 7.236
-1.141 7.15
-1.141 7.064
-1.141 6.977
-1.141 6.891
-1.141 6.805
-1.141 6.718
-1.141 6.632
-1.055 6.545
-1.055 6.459
-1.055 6.373
-1.055 6.286
-0.968 6.2
-0.968 6.114
-0.882 6.027
-0.795 5.941
-0.709 5.855
-0.709 5.768
-0.623 5.682
-0.536 5.595
-0.536 5.509
-0.536 5.423
-0.45 5.336
-0.364 5.25
-0.277 5.164
-0.277 5.077
-0.277 4.991
-0.277 4.905
-0.277 4.818
-0.277 4.732
-0.277 4.645
-0.191 4.559
-0.191 4.473
-0.191 4.386
-0.191 4.3
-0.105 4.214
-0.018 4.127
-0.018 4.041
0.068 3.955
0.155 3.868
0.155 3.782
0.241 3.695
0.241 3.609
0.241 3.523
0.241 3.436
0.327 3.35
0.327 3.264
0.414 3.177
0.5 3.091
0.586 3.005
0.673 2.918
0.759 2.832
0.845 2.745
0.932 2.659
1.018 2.573
1.018 2.486
1.018 2.4
1.018 2.314
1.105 2.227
1.191 2.141
1.277 2.055
1.364 1.968
1.45 1.882
1.536 1.795
1.623 1.709
1.709 1.623
1.795 1.536
1.882 1.45
1.968 1.364
2.055 1.277
2.141 1.191
2.227 1.105
2.314 1.018
2.4 0.932
2.486 0.845
2.573 0.759
2.659 0.673
2.745 0.673
2.832 0.673
2.918 0.673
3.005 0.673
3.091 0.673
3.177 0.673
3.264 0.673
3.35 0.673
3.436 0.673
3.523 0.673
3.609 0.673
3.695 0.673
3.782 0.673
3.868 0.673
3.955 0.673
4.041 0.673
4.127 0.673
4.214 0.673
4.3 0.673
4.386 0.673
4.473 0.673
4.559 0.673
4.645 0.673
4.732 0.673
4.818 0.673
4.905 0.673
4.991 0.673
5.077 0.673
5.164 0.673
5.25 0.673
5.336 0.673
5.423 0.673
5.509 0.673
5.595 0.673
5.682 0.673
5.768 0.673
5.855 0.673
5.941 0.673
6.027 0.673
6.114 0.673
6.2 0.673
6.286 0.759
6.373 0.845
6.459 0.932
6.545 0.932
6.632 0.932
6.718 0.932
6.805 0.932
6.891 0.932
6.977 0.932
7.064 0.932
7.15 0.932
7.236 0.932
7.323 0.932
7.409 0.932
7.495 0.932
7.582 0.932
7.668 0.932
7.755 0.932
7.841 0.932
7.927 0.932
8.014 0.932
8.1 0.932
8.186 0.932
8.273 0.932
8.359 0.932
8.445 0.932
8.532 0.932
8.618 0.932
8.705 0.932
8.791 0.932
8.877 0.932
8.964 1.018
