-0.018 8.964
-0.018 8.877
-0.018 8.791
-0.105 8.705
-0.105 8.618
-0.105 8.532
-0.105 8.445
-0.105 8.359
-0.105 8.273
-0.105 8.186
-0.105 8.1
-0.105 8.014
-0.191 7.927
-0.277 7.841
-0.277 7.755
-0.277 7.668
-0.277 7.582
-0.277 7.495
-0.277 7.409
-0.277 7.323
-0.277 7.236
-0.364 7.15
-0.364 7.064
-0.364 6.977
-0.364 6.891
-0.364 6.805
-0.364 6.718
-0.364 6.632
-0.45 6.545
-0.45 6.459
-0.536 6.373
-0.536 6.286
-0.623 6.2
-0.623 6.114
-0.623 6.027
-0.623 5.941
-0.623 5.855
-0.709 5.768
-0.709 5.682
-0.709 5.595
-0.709 5.509
-0.709 5.423
-0.795 5.336
-0.795 5.25
-0.795 5.164
-0.795 5.077
-0.882 4.991
-0.968 4.905
-0.968 4.818
-0.968 4.732
-0.968 4.645
-1.055 4.559
-1.055 4.473
-1.055 4.386
-1.055 4.3
-1.141 4.214
-1.141 4.127
-1.141 4.041
-1.141 3.955
-1.141 3.868
-1.227 3.782
-1.227 3.695
-1.227 3.609
-1.227 3.523
-1.227 3.436
-1.314 3.35
-1.314 3.264
-1.314 3.177
-1.314 3.091
-1.4 3.005
-1.4 2.918
-1.4 2.832
-1.4 2.745
-1.4 2.659
-1.486 2.573
-1.486 2.486
-1.486 2.4
-1.486 2.314
-1.573 2.227
-1.573 2.141
-1.573 2.055
-1.573 1.968
-1.573 1.882
-1.659 1.795
-1.659 1.709
-1.745 1.623
-1.832 1.536
-1.918 1.45
-2.005 1.364
-2.091 1.277
-2.177 1.191
-2.264 1.105
-2.35 1.018
-2.436 0.932
-2.523 0.845
-2.609 0.759
-2.695 0.673
-2.782 0.673
-2.868 0.673
-2.955 0.673
-3.041 0.673
-3.127 0.673
-3.214 0.673
-3.3 0.673
-3.386 0.673
-3.473 0.673
-3.559 0.673
-3.645 0.673
-3.732 0.673
-3.818 0.673
-3.905 0.673
-3.991 0.673
-4.077 0.673
-4.164 0.673
-4.25 0.673
-4.336 0.673
-4.336 0.759
-4.423 0.845
-4.509 0.932
-4.595 1.018
-4.682 1.105
-4.768 1.191
-4.768 1.277
-4.855 1.364
-4.941 1.45
-4.941 1.536
-4.941 1.623
-4.941 1.709
-4.941 1.795
-4.941 1.882
-4.941 1.968
-4.941 2.055
-4.941 2.141
-4.941 2.227
-4.941 2.314
-4.941 2.4
-4.941 2.486
-4.941 2.573
-4.941 2.659
-4.941 2.745
-4.941 2.832
-4.941 2.918
-4.941 3.005
-4.941 3.091
-4.941 3.177
-4.941 3.264
-4.941 3.35
-4.941 3.436
-4.941 3.523
-4.941 3.609
-4.941 3.695
-4.941 3.782
-4.941 3.868
-4.941 3.955
-4.941 4.041
