0.068 -6.927
-0.018 -6.927
-0.105 -6.927
-0.191 -6.927
-0.277 -6.927
-0.364 -6.927
-0.45 -6.927
-0.536 -6.927
-0.623 -6.927
-0.709 -6.927
-0.795 -6.927
-0.882 -6.927
-0.968 -7.014
-1.055 -7.014
-1.141 -7.014
-1.227 -7.014
-1.314 -7.014
-1.4 -7.014
-1.486 -7.014
-1.573 -7.014
-1.659 -7.014
-1.745 -7.014
-1.832 -7.014
-1.918 -7.014
-2.005 -7.014
-2.091 -7.014
-2.177 -7.014
-2.264 -7.014
-2.35 -7.014
-2.436 -7.014
-2.523 -7.014
-2.609 -7.014
-2.695 -7.014
-2.782 -7.014
-2.868 -7.014
-2.955 -7.014
-3.041 -7.014
-3.127 -7.014
-3.214 -7.014
-3.3 -7.014
-3.386 -7.014
-3.473 -7.014
-3.559 -7.014
-3.645 -7.014
-3.732 -7.014
-3.818 -7.1
-3.905 -7.1
-3.991 -7.1
-4.077 -7.1
-4.164 -7.1
-4.25 -7.1
-4.336 -7.1
-4.423 -7.1
-4.509 -7.1
-4.595 -7.1
-4.682 -7.1
-4.768 -7.1
-4.855 -7.1
-4.941 -7.1
-5.027 -7.1
-5.114 -7.1
-5.2 -7.1
-5.286 -7.1
-5.373 -7.1
-5.459 -7.1
-5.545 -7.1
-5.632 -7.1
-5.718 -7.1
-5.805 -7.1
-5.891 -7.1
-5.977 -7.1
-6.064 -7.1
-6.15 -7.1
-6.236 -7.1
-6.323 -7.1
-6.409 -7.186
-6.495 -7.186
-6.582 -7.273
-6.668 -7.273
-6.755 -7.273
-6.841 -7.273
-6.927 -7.273
-7.014 -7.273
-7.1 -7.273
-7.186 -7.273
-7.273 -7.273
-7.273 -7.186
-7.273 -7.1
-7.273 -7.014
-7.273 -6.927
-7.273 -6.841
-7.273 -6.755
-7.273 -6.668
-7.273 -6.582
-7.273 -6.495
-7.273 -6.409
-7.273 -6.323
-7.273 -6.236
-7.273 -6.15
-7.273 -6.064
-7.273 -5.977
-7.273 -5.891
-7.273 -5.805
-7.273 -5.718
-7.273 -5.632
-7.273 -5.545
-7.273 -5.459
-7.273 -5.373
-7.273 -5.286
-7.273 -5.2
-7.273 -5.114
-7.273 -5.027
-7.273 -4.941
-7.273 -4.855
-7.273 -4.768
-7.273 -4.682
-7.273 -4.595
-7.273 -4.509
-7.273 -4.423
-7.273 -4.336
-7.273 -4.25
-7.273 -4.164
-7.273 -4.077
-7.273 -3.991
-7.273 -3.905
-7.273 -3.818
-7.273 -3.732
-7.273 -3.645
-7.273 -3.559
-7.273 -3.473
-7.273 -3.386
-7.273 -3.3
-7.273 -3.214
-7.273 -3.127
-7.273 -3.041
-7.273 -2.955
-7.273 -2.868
-7.273 -2.782
-7.273 -2.695
-7.273 -2.609
-7.273 -2.523
-7.273 -2.436
-7.273 -2.35
-7.273 -2.264
-7.273 -2.177
-7.273 -2.091
-7.273 -2.005
-7.273 -1.918
-7.273 -1.832
-7.273 -1.745
-7.273 -1.659
-7.273 -1.573
-7.273 -1.486
-7.273 -1.4
-7.273 -1.314
-7.273 -1.227
-7.273 -1.141
-7.273 -1.055
-7.273 -0.968
-7.273 -0.882
-7.273 -0.795
-7.273 -0.709
-7.273 -0.623
-7.273 -0.536
-7.273 -0.45
-7.273 -0.364
-7.273 -0.277
-7.273 -0.191
-7.273 -0.105
-7.273 -0.018
-7.273 0.068
-7.273 0.155
-7.273 0.241
-7.273 0.327
-7.273 0.414
-7.273 0.5
-7.273 0.586
-7.273 0.673
-7.273 0.759
-7.273 0.845
-7.273 0.932
-7.273 1.018
-7.273 1.105
-7.273 1.191
-7.273 1.277
-7.273 1.364
-7.273 1.45
-7.273 1.536
-7.273 1.623
-7.273 1.709
-7.273 1.795
-7.273 1.882
-7.273 1.968
-7.273 2.055
-7.273 2.141
-7.273 2.227
-7.273 2.314
-7.186 2.314
-7.1 2.314
-7.014 2.314
-6.927 2.314
-6.841 2.314
-6.755 2.314
-6.668 2.314
-6.582 2.314
-6.495 2.314
-6.409 2.314
-6.323 2.227
-6.236 2.141
-6.15 2.055
-6.064 2.055
-5.977 2.055
-5.891 2.055
-5.805 1.968
-5.718 1.882
-5.632 1.882
-5.545 1.795
-5.459 1.709
-5.373 1.623
-5.286 1.623
-5.2 1.536
-5.114 1.45
-5.027 1.364
-4.941 1.277
-4.855 1.191
-4.768 1.105
-4.682 1.018
-4.595 0.932
-4.509 0.845
-4.423 0.759
-4.336 0.673
-4.25 0.673
-4.164 0.673
-4.077 0.673
-3.991 0.673
-3.905 0.673
-3.818 0.673
-3.732 0.673
-3.645 0.673
-3.559 0.673
-3.473 0.673
-3.386 0.673
-3.3 0.673
-3.214 0.673
-3.127 0.673
-3.041 0.673
-2.955 0.673
-2.868 0.673
-2.782 0.673
-2.695 0.673
-2.695 0.759
-2.695 0.845
-2.695 0.932
-2.695 1.018
-2.695 1.105
-2.695 1.191
-2.695 1.277
-2.695 1.364
-2.695 1.45
-2.695 1.536
-2.609 1.623
-2.609 1.709
-2.609 1.795
-2.523 1.882
-2.523 1.968
-2.436 2.055
-2.436 2.141
-2.436 2.227
-2.436 2.314
-2.436 2.4
-2.436 2.486
-2.436 2.573
-2.436 2.659
-2.35 2.745
-2.264 2.832
-2.264 2.918
-2.264 3.005
-2.177 3.091
-2.177 3.177
-2.091 3.264
-2.091 3.35
-2.091 3.436
-2.005 3.523
-1.918 3.609
-1.832 3.695
-1.745 3.782
-1.745 3.868
-1.659 3.955
-1.659 4.041
-1.659 4.127
-1.659 4.214
-1.573 4.3
-1.486 4.386
-1.486 4.473
-1.4 4.559
-1.314 4.645
-1.314 4.732
-1.227 4.818
-1.227 4.905
-1.227 4.991
-1.141 5.077
-1.055 5.164
-0.968 5.25
-0.882 5.336
-0.795 5.423
-0.709 5.509
-0.623 5.595
-0.623 5.682
-0.536 5.768
-0.45 5.855
-0.364 5.941
-0.364 6.027
-0.277 6.114
-0.191 6.2
-0.105 6.286
-0.018 6.373
0.068 6.459
0.155 6.545
0.241 6.632
0.327 6.718
0.414 6.805
0.5 6.891
0.586 6.977
0.673 7.064
0.673 7.15
0.673 7.236
0.673 7.323
0.673 7.409
0.673 7.495
0.673 7.582
0.673 7.668
0.673 7.755
0.673 7.841
0.673 7.927
0.673 8.014
0.673 8.1
0.673 8.186
0.673 8.273
0.673 8.359
0.673 8.445
0.673 8.532
0.673 8.618
0.673 8.705
0.759 8.791
0.845 8.877
0.932 8.964
