3.005 2.918
2.918 2.832
2.832 2.745
2.745 2.745
2.659 2.745
2.573 2.659
2.486 2.659
2.4 2.659
2.314 2.659
2.227 2.573
2.141 2.573
2.055 2.486
1.968 2.4
1.882 2.4
1.795 2.314
1.709 2.314
1.709 2.227
1.709 2.141
1.709 2.055
1.709 1.968
1.709 1.882
1.709 1.795
1.709 1.709
1.709 1.623
1.795 1.536
1.882 1.45
1.968 1.364
2.055 1.277
2.141 1.191
2.227 1.105
2.314 1.018
2.4 0.932
2.486 0.845
2.573 0.759
2.659 0.673
2.745 0.586
2.832 0.5
2.918 0.5
3.005 0.414
3.091 0.327
3.177 0.241
3.264 0.241
3.35 0.155
3.436 0.068
3.523 0.068
3.609 0.068
3.695 0.068
3.782 0.068
3.868 -0.018
3.955 -0.018
4.041 -0.105
4.127 -0.191
4.214 -0.191
4.3 -0.277
4.386 -0.277
4.473 -0.364
4.559 -0.364
4.645 -0.45
4.732 -0.45
4.818 -0.45
4.905 -0.45
4.991 -0.45
5.077 -0.536
5.164 -0.623
5.25 -0.623
5.336 -0.623
5.423 -0.709
5.509 -0.795
5.595 -0.795
5.682 -0.795
5.768 -0.795
5.855 -0.882
5.941 -0.968
6.027 -0.968
6.114 -0.968
6.2 -0.968
6.286 -1.055
6.373 -1.141
6.459 -1.227
6.545 -1.227
6.632 -1.227
6.718 -1.227
6.805 -1.227
6.891 -1.227
6.977 -1.227
7.064 -1.227
7.15 -1.227
7.236 -1.314
7.323 -1.4
7.409 -1.4
7.495 -1.4
7.582 -1.4
7.668 -1.4
7.755 -1.4
7.841 -1.4
7.927 -1.4
8.014 -1.486
8.1 -1.486
8.186 -1.486
8.273 -1.486
8.359 -1.486
8.445 -1.486
8.532 -1.486
8.618 -1.486
8.705 -1.486
8.791 -1.573
8.877 -1.659
8.964 -1.659
9.05 -1.659
9.136 -1.659
9.223 -1.659
9.309 -1.659
9.309 -1.745
9.309 -1.832
9.309 -1.918
9.309 -2.005
9.309 -2.091
9.309 -2.177
9.309 -2.264
9.309 -2.35
9.309 -2.436
9.309 -2.523
9.309 -2.609
9.309 -2.695
9.309 -2.782
9.309 -2.868
9.309 -2.955
9.309 -3.041
9.309 -3.127
9.309 -3.214
9.309 -3.3
9.309 -3.386
9.309 -3.473
9.309 -3.559
9.309 -3.645
9.309 -3.732
9.309 -3.818
9.309 -3.905
9.309 -3.991
9.309 -4.077
9.309 -4.164
9.309 -4.25
9.309 -4.336
9.309 -4.423
9.309 -4.509
9.309 -4.595
9.309 -4.682
9.309 -4.768
9.309 -4.855
9.309 -4.941
9.309 -5.027
9.309 -5.114
9.309 -5.2
9.309 -5.286
9.309 -5.373
9.309 -5.459
9.309 -5.545
9.309 -5.632
9.309 -5.718
9.309 -5.805
9.309 -5.891
9.309 -5.977
9.309 -6.064
9.309 -6.15
9.309 -6.236
9.309 -6.323
9.309 -6.409
9.309 -6.495
9.309 -6.582
9.309 -6.668
9.309 -6.755
9.309 -6.841
9.309 -6.927
9.309 -7.014
9.309 -7.1
9.309 -7.186
9.309 -7.273
9.309 -7.359
9.309 -7.445
9.309 -7.532
9.309 -7.618
9.309 -7.705
9.309 -7.791
9.309 -7.877
9.309 -7.964
9.309 -8.05
9.309 -8.136
9.309 -8.223
9.309 -8.309
9.223 -8.309
9.136 -8.309
9.05 -8.309
8.964 -8.309
8.877 -8.309
8.791 -8.309
8.705 -8.309
8.618 -8.309
8.532 -8.309
8.445 -8.309
8.359 -8.309
8.273 -8.309
8.186 -8.309
8.1 -8.309
8.014 -8.309
7.927 -8.309
7.841 -8.309
7.755 -8.309
7.668 -8.309
7.582 -8.223
7.495 -8.136
7.409 -8.05
7.323 -8.05
7.236 -8.05
7.15 -7.964
7.064 -7.964
6.977 -7.877
6.891 -7.791
6.805 -7.705
6.718 -7.705
6.632 -7.618
6.545 -7.532
6.459 -7.445
6.373 -7.359
6.286 -7.273
6.2 -7.186
6.114 -7.1
6.027 -7.014
5.941 -6.927
