1.968 1.018
1.882 1.105
1.795 1.191
1.709 1.277
1.623 1.364
1.536 1.45
1.45 1.536
1.364 1.623
1.364 1.709
1.364 1.795
1.277 1.882
1.191 1.968
1.105 2.055
1.018 2.141
1.018 2.227
0.932 2.314
0.845 2.4
0.845 2.486
0.759 2.573
0.673 2.659
0.673 2.745
0.586 2.832
0.586 2.918
0.5 3.005
0.414 3.091
0.414 3.177
0.327 3.264
0.241 3.35
0.155 3.436
0.068 3.523
-0.018 3.609
-0.105 3.695
-0.191 3.782
-0.277 3.868
-0.277 3.955
-0.277 4.041
-0.277 4.127
-0.277 4.214
-0.364 4.3
-0.364 4.386
-0.364 4.473
-0.364 4.559
-0.45 4.645
-0.536 4.732
-0.536 4.818
-0.623 4.905
-0.623 4.991
-0.709 5.077
-0.709 5.164
-0.709 5.25
-0.709 5.336
-0.795 5.423
-0.795 5.509
-0.795 5.595
-0.795 5.682
-0.795 5.768
-0.795 5.855
-0.795 5.941
-0.795 6.027
-0.795 6.114
-0.795 6.2
-0.882 6.286
-0.882 6.373
-0.968 6.459
-0.968 6.545
-1.055 6.632
-1.141 6.718
-1.141 6.805
-1.141 6.891
-1.141 6.977
-1.141 7.064
-1.141 7.15
-1.227 7.236
-1.227 7.323
-1.314 7.409
-1.4 7.495
-1.486 7.582
-1.486 7.668
-1.486 7.755
-1.486 7.841
-1.486 7.927
-1.573 8.014
-1.659 8.1
-1.659 8.186
-1.659 8.273
-1.745 8.273
-1.832 8.359
-1.918 8.445
-2.005 8.532
-2.091 8.532
-2.177 8.532
-2.264 8.532
-2.35 8.532
-2.436 8.532
-2.523 8.532
-2.609 8.532
-2.695 8.532
-2.782 8.618
-2.868 8.705
-2.955 8.705
-3.041 8.705
-3.127 8.705
-3.214 8.705
-3.3 8.705
-3.386 8.705
-3.473 8.705
-3.559 8.705
-3.645 8.705
-3.732 8.705
-3.818 8.705
-3.905 8.791
-3.991 8.877
-4.077 8.877
-4.164 8.877
-4.25 8.877
-4.336 8.877
-4.423 8.877
-4.509 8.877
-4.595 8.877
-4.682 8.877
-4.768 8.877
-4.855 8.877
-4.941 8.877
-5.027 8.877
-5.114 8.877
-5.2 8.877
-5.286 8.877
-5.373 8.877
-5.459 8.877
-5.545 8.877
-5.632 8.877
-5.718 8.877
-5.805 8.877
-5.891 8.877
-5.977 8.877
-6.064 8.877
-6.15 8.877
-6.236 8.877
-6.323 8.877
-6.409 8.877
-6.495 8.877
-6.582 8.877
-6.668 8.877
-6.755 8.877
-6.841 8.877
-6.927 8.877
-7.014 8.877
-7.1 8.877
-7.186 8.877
-7.273 8.877
-7.359 8.877
-7.445 8.877
-7.532 8.877
-7.618 8.877
-7.705 8.877
-7.791 8.877
-7.877 8.877
-7.964 8.964
