8.964 5.941
8.877 5.855
8.791 5.768
8.705 5.682
8.618 5.595
8.532 5.509
8.445 5.423
8.359 5.336
8.359 5.25
8.359 5.164
8.273 5.077
8.273 4.991
8.273 4.905
8.273 4.818
8.273 4.732
8.273 4.645
8.186 4.559
8.1 4.473
8.014 4.386
7.927 4.3
7.841 4.214
7.755 4.214
7.668 4.214
7.582 4.214
7.495 4.214
7.409 4.214
7.323 4.214
7.236 4.214
7.15 4.214
7.064 4.214
6.977 4.214
6.891 4.214
6.805 4.214
6.718 4.214
6.632 4.214
6.545 4.127
6.459 4.127
6.373 4.127
6.286 4.127
6.2 4.127
6.114 4.127
6.027 4.127
5.941 4.127
5.855 4.127
5.768 4.127
5.682 4.127
5.595 4.127
5.509 4.127
5.423 4.127
5.336 4.127
5.25 4.127
5.164 4.127
5.077 4.127
4.991 4.127
4.905 4.127
4.818 4.127
4.732 4.127
4.645 4.127
4.559 4.127
4.473 4.127
4.386 4.127
4.3 4.127
4.214 4.041
4.127 4.041
4.041 4.041
3.955 4.041
3.868 4.041
3.782 3.955
3.695 3.868
3.609 3.868
3.523 3.868
3.436 3.868
3.35 3.868
3.264 3.868
3.177 3.868
3.091 3.868
3.005 3.868
2.918 3.868
2.832 3.868
2.745 3.868
2.659 3.868
2.573 3.868
2.486 3.868
2.4 3.868
2.314 3.868
2.227 3.782
2.141 3.695
2.055 3.609
1.968 3.609
1.882 3.523
1.795 3.436
1.709 3.436
1.623 3.436
1.536 3.436
1.45 3.35
1.364 3.35
1.277 3.35
1.191 3.35
1.105 3.264
1.018 3.264
0.932 3.264
0.845 3.264
0.759 3.264
0.673 3.264
0.586 3.264
0.5 3.264
0.414 3.264
0.327 3.264
0.241 3.264
0.155 3.264
0.068 3.264
-0.018 3.264
-0.105 3.264
-0.191 3.264
-0.277 3.264
-0.364 3.264
-0.45 3.177
-0.45 3.091
-0.536 3.005
-0.623 2.918
-0.709 2.832
-0.709 2.745
-0.795 2.659
-0.795 2.573
-0.882 2.486
-0.968 2.4
-1.055 2.314
-1.141 2.227
-1.227 2.141
-1.314 2.055
-1.4 1.968
-1.486 1.882
-1.573 1.795
-1.659 1.709
-1.745 1.623
-1.832 1.536
-1.918 1.45
-2.005 1.364
-2.091 1.277
-2.177 1.191
-2.264 1.105
-2.35 1.018
-2.436 0.932
-2.523 0.845
-2.609 0.759
-2.695 0.673
-2.782 0.673
-2.868 0.673
-2.955 0.673
-3.041 0.673
-3.127 0.673
-3.214 0.673
-3.3 0.673
-3.386 0.673
-3.473 0.673
-3.559 0.673
-3.645 0.673
-3.732 0.673
-3.818 0.673
-3.905 0.673
-3.991 0.673
-4.077 0.673
-4.164 0.673
-4.25 0.673
-4.336 0.673
-4.423 0.673
-4.509 0.673
-4.595 0.759
-4.682 0.845
-4.768 0.845
-4.855 0.932
-4.941 1.018
-5.027 1.105
-5.114 1.191
-5.2 1.191
-5.286 1.277
-5.373 1.277
-5.459 1.364
-5.545 1.45
-5.632 1.45
-5.718 1.536
-5.805 1.623
-5.891 1.709
-5.977 1.795
-6.064 1.795
-6.15 1.882
-6.236 1.968
-6.323 2.055
-6.409 2.055
-6.495 2.141
-6.582 2.227
-6.668 2.314
-6.755 2.314
-6.841 2.314
-6.927 2.314
-7.014 2.314
-7.1 2.314
-7.186 2.314
-7.273 2.314
-7.273 2.227
-7.273 2.141
-7.273 2.055
-7.273 1.968
-7.273 1.882
-7.273 1.795
-7.273 1.709
-7.273 1.623
-7.273 1.536
-7.273 1.45
-7.273 1.364
-7.273 1.277
-7.273 1.191
-7.273 1.105
-7.273 1.018
-7.273 0.932
-7.273 0.845
-7.273 0.759
-7.273 0.673
-7.273 0.586
-7.186 0.5
-7.186 0.414
-7.186 0.327
-7.1 0.241
-7.1 0.155
-7.1 0.068
-7.1 -0.018
-7.014 -0.105
-7.014 -0.191
-6.927 -0.277
-6.927 -0.364
-6.927 -0.45
-6.841 -0.536
-6.841 -0.623
-6.841 -0.709
-6.841 -0.795
-6.841 -0.882
-6.755 -0.968
-6.668 -1.055
-6.582 -1.141
-6.582 -1.227
-6.495 -1.314
-6.409 -1.4
-6.323 -1.486
-6.236 -1.573
-6.236 -1.659
-6.15 -1.745
-6.064 -1.832
-5.977 -1.918
-5.891 -2.005
-5.805 -2.091
-5.718 -2.177
-5.632 -2.264
-5.545 -2.35
-5.459 -2.436
-5.373 -2.523
-5.286 -2.609
-5.2 -2.695
-5.114 -2.782
-5.027 -2.868
-4.941 -2.955
